# unix_time, cycles_done, cur_path, paths_total, pending_total, pending_favs, map_size, unique_crashes, unique_hangs, max_depth, execs_per_sec
1606621692, 0, 0, 6, 6, 6, 2.53%, 0, 0, 1, 3.27
1606621697, 0, 0, 10, 10, 6, 2.55%, 0, 0, 2, 6.76
1606621702, 0, 0, 13, 13, 6, 2.56%, 0, 0, 2, 7.77
1606621707, 0, 0, 14, 14, 6, 2.57%, 0, 0, 2, 7.65
1606621712, 0, 0, 15, 15, 6, 2.57%, 0, 0, 2, 5.84
1606621723, 0, 0, 17, 17, 6, 2.58%, 0, 0, 2, 6.46
1606621729, 0, 0, 18, 18, 6, 2.58%, 0, 0, 2, 5.58
1606621739, 0, 0, 19, 19, 6, 2.59%, 0, 0, 2, 7.54
1606621744, 0, 0, 21, 21, 6, 2.60%, 0, 0, 2, 7.70
1606621749, 0, 0, 22, 22, 6, 2.60%, 0, 0, 2, 8.02
1606621754, 0, 0, 23, 23, 6, 2.61%, 0, 0, 2, 7.98
1606621759, 0, 0, 26, 26, 6, 2.62%, 0, 0, 2, 8.16
1606621765, 0, 0, 28, 28, 6, 2.65%, 0, 0, 2, 6.88
1606621770, 0, 0, 29, 29, 6, 2.65%, 0, 0, 2, 6.84
1606621775, 0, 0, 30, 30, 6, 2.66%, 0, 0, 2, 7.43
1606621780, 0, 0, 31, 31, 6, 2.66%, 0, 0, 2, 6.26
1606621785, 0, 0, 32, 32, 6, 2.66%, 0, 0, 2, 7.68
1606621790, 0, 0, 33, 33, 6, 2.66%, 0, 0, 2, 7.88
1606621801, 0, 0, 34, 34, 6, 2.66%, 0, 0, 2, 7.89
1606621806, 0, 0, 35, 35, 6, 2.66%, 0, 0, 2, 7.89
1606621811, 0, 0, 36, 36, 6, 2.66%, 0, 0, 2, 8.11
1606621816, 0, 0, 38, 38, 6, 2.66%, 0, 0, 2, 7.96
1606621821, 0, 0, 40, 40, 6, 2.66%, 0, 0, 2, 8.11
1606621836, 0, 0, 41, 41, 6, 2.66%, 0, 0, 2, 8.32
1606621842, 0, 0, 43, 43, 6, 2.67%, 0, 0, 2, 7.88
1606621847, 0, 0, 44, 44, 6, 2.69%, 0, 0, 2, 7.15
1606621852, 0, 0, 45, 45, 6, 2.69%, 0, 0, 2, 6.66
1606621863, 0, 0, 46, 46, 6, 2.73%, 0, 0, 2, 6.49
1606621874, 0, 0, 47, 47, 6, 2.74%, 0, 0, 2, 5.11
1606621879, 0, 0, 49, 49, 6, 2.74%, 0, 0, 2, 4.07
1606621884, 0, 0, 50, 50, 6, 2.75%, 0, 0, 2, 4.08
1606621900, 0, 0, 51, 51, 6, 2.75%, 0, 0, 2, 6.49
1606621905, 0, 0, 52, 52, 6, 2.75%, 0, 0, 2, 7.38
1606621910, 0, 0, 53, 53, 6, 2.76%, 0, 0, 2, 7.74
1606621926, 0, 0, 54, 54, 6, 2.76%, 0, 0, 2, 6.00
1606621941, 0, 0, 55, 55, 6, 2.76%, 0, 0, 2, 7.29
1606621951, 0, 0, 56, 56, 6, 2.77%, 0, 0, 2, 7.62
1606621962, 0, 0, 57, 57, 6, 2.77%, 0, 0, 2, 6.88
1606621977, 0, 0, 58, 58, 6, 2.78%, 0, 0, 2, 7.63
1606621982, 0, 0, 59, 59, 6, 2.78%, 0, 0, 2, 7.50
1606621988, 0, 0, 61, 61, 6, 2.82%, 0, 0, 2, 1.21
1606621993, 0, 0, 62, 62, 6, 2.82%, 0, 0, 2, 7.73
1606621998, 0, 0, 65, 65, 6, 2.83%, 0, 0, 2, 5.21
1606622003, 0, 0, 66, 66, 6, 2.83%, 0, 0, 2, 3.75
1606622008, 0, 0, 67, 67, 6, 2.83%, 0, 0, 2, 4.02
1606622013, 0, 0, 68, 68, 6, 2.83%, 0, 0, 2, 4.91
1606622019, 0, 0, 69, 69, 6, 2.84%, 0, 0, 2, 5.17
1606622024, 0, 0, 70, 70, 6, 2.84%, 0, 0, 2, 5.67
1606622029, 0, 0, 71, 71, 6, 2.84%, 0, 0, 2, 5.73
1606622034, 0, 0, 72, 72, 6, 2.87%, 0, 0, 2, 4.73
1606622039, 0, 0, 73, 73, 6, 2.87%, 0, 0, 2, 3.72
1606622050, 0, 0, 74, 74, 6, 2.87%, 0, 0, 2, 4.84
1606622055, 0, 0, 74, 74, 6, 2.87%, 0, 1, 2, 5.27
1606622060, 0, 0, 75, 75, 6, 2.87%, 0, 1, 2, 5.70
1606622065, 0, 0, 76, 76, 6, 2.87%, 0, 1, 2, 4.86
1606622071, 0, 0, 77, 77, 6, 2.87%, 0, 1, 2, 4.71
1606622077, 0, 0, 78, 78, 6, 2.87%, 0, 1, 2, 4.23
1606622092, 0, 0, 79, 79, 6, 2.87%, 0, 1, 2, 6.26
1606622098, 0, 0, 79, 79, 6, 2.87%, 0, 2, 2, 1.41
1606622104, 0, 0, 80, 80, 6, 2.87%, 0, 2, 2, 6.81
1606622114, 0, 0, 81, 81, 6, 2.87%, 0, 2, 2, 6.26
1606622119, 0, 0, 82, 82, 6, 2.88%, 0, 2, 2, 5.74
1606622124, 0, 0, 83, 83, 6, 2.88%, 0, 2, 2, 5.90
1606622130, 0, 0, 84, 84, 6, 2.88%, 0, 2, 2, 4.69
1606622140, 0, 0, 86, 86, 6, 2.89%, 0, 2, 2, 6.16
1606622145, 0, 0, 87, 87, 6, 2.89%, 0, 2, 2, 5.04
1606622155, 0, 0, 88, 88, 6, 2.89%, 0, 2, 2, 5.71
1606622165, 0, 0, 89, 89, 6, 2.89%, 0, 2, 2, 7.56
1606622176, 0, 0, 90, 89, 4, 2.89%, 0, 2, 2, 6.15
1606622181, 0, 0, 91, 90, 4, 2.90%, 0, 2, 2, 5.92
1606622187, 0, 0, 92, 91, 4, 2.90%, 0, 2, 2, 5.90
1606622192, 0, 0, 93, 92, 4, 2.90%, 0, 2, 2, 5.57
1606622197, 0, 0, 95, 94, 4, 2.90%, 0, 2, 2, 4.54
1606622202, 0, 0, 97, 96, 4, 2.90%, 0, 2, 2, 4.91
1606622208, 0, 0, 99, 98, 4, 2.90%, 0, 2, 2, 4.42
1606622213, 0, 0, 100, 99, 4, 2.90%, 0, 2, 2, 4.43
1606622218, 0, 0, 101, 100, 4, 2.90%, 0, 2, 2, 4.74
1606622223, 0, 0, 102, 101, 4, 2.91%, 0, 2, 2, 4.92
1606622228, 0, 0, 103, 102, 4, 2.91%, 0, 2, 2, 5.34
1606622239, 0, 0, 104, 103, 4, 2.91%, 0, 2, 2, 5.80
1606622244, 0, 0, 105, 104, 4, 2.91%, 0, 2, 2, 4.59
1606622249, 0, 0, 106, 105, 4, 2.91%, 0, 2, 2, 5.14
1606622254, 0, 0, 108, 107, 4, 2.92%, 0, 2, 2, 5.05
1606622260, 0, 0, 109, 108, 4, 2.92%, 0, 2, 2, 4.23
1606622265, 0, 0, 110, 109, 4, 2.92%, 0, 2, 2, 5.94
1606622275, 0, 0, 111, 110, 4, 2.92%, 0, 2, 2, 6.23
1606622280, 0, 0, 112, 111, 4, 2.92%, 0, 2, 2, 4.44
1606622285, 0, 0, 114, 113, 4, 3.00%, 0, 2, 2, 4.99
1606622296, 0, 0, 116, 115, 4, 3.00%, 0, 2, 2, 5.62
1606622301, 0, 0, 117, 116, 4, 3.02%, 0, 2, 2, 5.76
1606622311, 0, 0, 118, 117, 4, 3.02%, 0, 2, 2, 5.80
1606622316, 0, 0, 119, 118, 4, 3.02%, 0, 2, 2, 6.03
1606622322, 0, 0, 120, 119, 4, 3.02%, 0, 2, 2, 4.92
1606622332, 0, 0, 121, 120, 4, 3.03%, 0, 2, 2, 5.03
1606622337, 0, 0, 123, 122, 4, 3.03%, 0, 2, 2, 4.80
1606622348, 0, 0, 124, 123, 4, 3.04%, 0, 2, 2, 5.21
1606622358, 0, 0, 125, 124, 4, 3.04%, 0, 2, 2, 4.49
1606622379, 0, 0, 126, 125, 4, 3.04%, 0, 2, 2, 5.94
1606622394, 0, 0, 127, 126, 4, 3.06%, 0, 2, 2, 6.53
1606622405, 0, 0, 128, 127, 4, 3.06%, 0, 2, 2, 5.59
1606622410, 0, 0, 130, 129, 4, 3.08%, 0, 2, 2, 5.79
1606622415, 0, 0, 131, 130, 4, 3.08%, 0, 2, 2, 9.83
1606622430, 0, 0, 132, 131, 4, 3.08%, 0, 2, 2, 6.41
1606622436, 0, 0, 134, 133, 4, 3.08%, 0, 2, 2, 5.46
1606622441, 0, 0, 135, 134, 4, 3.08%, 0, 2, 2, 6.06
1606622452, 0, 0, 136, 135, 4, 3.08%, 0, 2, 2, 5.43
1606622462, 0, 0, 138, 137, 4, 3.09%, 0, 2, 2, 5.57
1606622473, 0, 0, 139, 138, 4, 3.09%, 0, 2, 2, 5.56
1606622493, 0, 0, 140, 139, 4, 3.09%, 0, 2, 2, 5.89
1606622514, 0, 1, 140, 139, 18, 3.09%, 0, 2, 2, 6.00
1606622519, 0, 1, 141, 140, 18, 3.09%, 0, 2, 2, 7.51
1606622535, 0, 1, 142, 141, 18, 3.11%, 0, 2, 2, 7.94
1606622555, 1, 0, 142, 140, 38, 3.11%, 0, 2, 2, 7.30
1606622602, 1, 2, 142, 140, 38, 3.11%, 0, 2, 2, 7.23
1606622612, 1, 2, 143, 141, 38, 3.11%, 0, 2, 2, 6.77
1606622623, 1, 2, 144, 142, 38, 3.11%, 0, 2, 2, 4.62
1606622654, 2, 0, 144, 141, 38, 3.11%, 0, 2, 2, 7.57
1606622664, 2, 0, 145, 142, 38, 3.11%, 0, 2, 2, 5.33
1606622670, 2, 0, 146, 143, 38, 3.11%, 0, 2, 2, 5.61
1606622706, 2, 3, 146, 143, 17, 3.11%, 0, 2, 2, 7.54
1606622732, 2, 3, 147, 144, 17, 3.11%, 0, 2, 2, 6.77
1606622747, 3, 0, 147, 143, 16, 3.11%, 0, 2, 2, 6.35
1606622763, 3, 0, 148, 144, 16, 3.11%, 0, 2, 2, 6.22
1606622794, 3, 4, 148, 144, 16, 3.11%, 0, 2, 2, 7.28
1606622809, 3, 4, 149, 145, 16, 3.11%, 0, 2, 2, 6.55
1606622835, 3, 4, 150, 146, 16, 3.12%, 0, 2, 2, 7.17
1606622840, 4, 0, 150, 145, 37, 3.12%, 0, 2, 2, 6.77
1606622898, 4, 0, 151, 146, 37, 3.12%, 0, 2, 2, 5.72
1606622919, 4, 0, 152, 147, 37, 3.12%, 0, 2, 2, 5.70
1606622939, 4, 0, 153, 148, 37, 3.12%, 0, 2, 2, 5.89
1606622965, 4, 0, 154, 149, 37, 3.12%, 0, 2, 2, 5.69
1606622975, 4, 0, 155, 150, 37, 3.12%, 0, 2, 2, 5.94
1606622991, 4, 5, 155, 150, 17, 3.12%, 0, 2, 2, 6.13
1606623027, 5, 0, 155, 149, 16, 3.12%, 0, 2, 2, 6.34
1606623032, 5, 0, 156, 150, 16, 3.12%, 0, 2, 2, 5.31
1606623042, 5, 0, 157, 151, 16, 3.12%, 0, 2, 2, 5.16
1606623058, 5, 0, 158, 152, 16, 3.12%, 0, 2, 2, 5.32
1606623110, 5, 13, 159, 153, 16, 3.13%, 0, 2, 3, 6.57
1606623126, 5, 13, 160, 154, 16, 3.13%, 0, 2, 3, 6.45
1606623157, 5, 15, 160, 153, 16, 3.13%, 0, 2, 3, 7.59
1606623183, 6, 1, 162, 154, 15, 3.13%, 0, 2, 3, 7.07
1606623193, 6, 1, 164, 156, 15, 3.14%, 0, 2, 3, 5.98
1606623203, 6, 1, 165, 157, 15, 3.14%, 0, 2, 3, 5.61
1606623214, 6, 1, 166, 158, 15, 3.17%, 0, 2, 3, 6.30
1606623219, 6, 1, 167, 159, 15, 3.17%, 0, 2, 3, 6.54
1606623240, 6, 1, 168, 160, 15, 3.17%, 0, 2, 3, 6.67
1606623245, 6, 1, 170, 162, 15, 3.17%, 0, 2, 3, 6.57
1606623265, 6, 1, 171, 163, 15, 3.17%, 0, 2, 3, 6.59
1606623306, 6, 1, 172, 164, 15, 3.17%, 0, 2, 3, 6.22
1606623317, 6, 1, 173, 165, 15, 3.17%, 0, 2, 3, 5.26
1606623358, 6, 1, 174, 166, 15, 3.17%, 0, 2, 3, 6.01
1606623374, 6, 36, 174, 166, 12, 3.17%, 0, 2, 3, 7.47
1606623415, 6, 40, 174, 165, 11, 3.17%, 0, 2, 3, 8.14
1606623446, 7, 2, 174, 164, 10, 3.17%, 0, 2, 3, 7.50
1606623461, 7, 2, 175, 165, 10, 3.17%, 0, 2, 3, 5.84
1606623497, 7, 2, 176, 166, 10, 3.18%, 0, 2, 3, 6.51
1606623534, 7, 2, 177, 167, 10, 3.18%, 0, 2, 3, 5.99
1606623549, 7, 56, 177, 167, 10, 3.18%, 0, 2, 3, 6.62
1606623580, 8, 2, 177, 166, 9, 3.18%, 0, 2, 3, 7.48
1606623601, 8, 2, 178, 167, 9, 3.18%, 0, 2, 3, 5.74
1606623632, 8, 2, 178, 167, 46, 3.18%, 0, 2, 3, 5.79
1606623637, 8, 2, 180, 169, 46, 3.18%, 0, 2, 3, 5.14
1606623658, 8, 2, 181, 170, 46, 3.18%, 0, 2, 3, 6.12
1606623705, 8, 2, 182, 171, 46, 3.18%, 0, 2, 3, 5.07
1606623730, 8, 62, 182, 171, 9, 3.18%, 0, 2, 3, 6.46
1606623751, 8, 62, 183, 172, 9, 3.18%, 0, 2, 3, 6.28
1606623771, 8, 62, 184, 173, 9, 3.18%, 0, 2, 3, 7.65
1606623777, 8, 62, 185, 174, 9, 3.18%, 0, 2, 3, 6.93
1606623787, 8, 73, 185, 173, 8, 3.18%, 0, 2, 3, 6.94
1606623797, 8, 73, 186, 174, 8, 3.18%, 0, 2, 3, 4.66
1606623828, 9, 3, 186, 173, 46, 3.18%, 0, 2, 3, 6.59
1606623834, 9, 3, 188, 175, 46, 3.18%, 0, 2, 3, 5.35
1606623855, 9, 3, 189, 176, 46, 3.18%, 0, 2, 3, 4.59
1606623881, 9, 3, 190, 177, 46, 3.18%, 0, 2, 3, 4.00
1606623908, 9, 3, 191, 178, 46, 3.18%, 0, 2, 3, 5.70
1606623933, 9, 76, 191, 178, 8, 3.18%, 0, 2, 3, 7.37
1606623939, 9, 76, 192, 179, 8, 3.18%, 0, 2, 3, 6.43
1606623975, 9, 82, 192, 179, 9, 3.18%, 0, 2, 3, 7.40
1606624010, 10, 3, 192, 178, 8, 3.18%, 0, 2, 3, 6.55
1606624026, 10, 3, 193, 179, 8, 3.18%, 0, 2, 3, 5.69
1606624046, 10, 3, 194, 180, 8, 3.19%, 0, 2, 3, 4.24
1606624072, 10, 3, 195, 181, 8, 3.19%, 0, 2, 3, 5.13
1606624077, 10, 3, 195, 181, 47, 3.19%, 0, 2, 3, 5.94
1606624104, 10, 3, 197, 183, 47, 3.20%, 0, 2, 3, 4.31
1606624115, 10, 3, 198, 184, 47, 3.20%, 0, 2, 3, 5.15
1606624156, 10, 3, 198, 184, 49, 3.20%, 0, 2, 3, 5.27
1606624177, 10, 3, 199, 185, 49, 3.20%, 0, 2, 3, 5.57
1606624197, 10, 3, 200, 186, 49, 3.20%, 0, 2, 3, 5.20
1606624243, 10, 3, 201, 187, 49, 3.20%, 0, 2, 3, 5.55
1606624264, 10, 3, 201, 187, 48, 3.20%, 0, 2, 3, 6.16
1606624269, 10, 3, 202, 188, 48, 3.20%, 0, 2, 3, 5.71
1606624275, 10, 3, 203, 189, 48, 3.20%, 0, 2, 3, 0.78
1606624280, 10, 3, 204, 190, 48, 3.20%, 0, 2, 3, 6.68
1606624285, 10, 3, 205, 191, 48, 3.20%, 0, 2, 3, 6.26
1606624296, 10, 3, 206, 192, 48, 3.20%, 0, 2, 3, 5.00
1606624306, 10, 3, 207, 193, 48, 3.20%, 0, 2, 3, 5.02
1606624338, 10, 3, 208, 194, 48, 3.20%, 0, 2, 3, 4.88
1606624348, 10, 3, 209, 195, 48, 3.20%, 0, 2, 3, 5.28
1606624364, 10, 3, 210, 196, 48, 3.20%, 0, 2, 3, 4.52
1606624390, 10, 3, 211, 197, 48, 3.20%, 0, 2, 3, 4.00
1606624395, 10, 3, 212, 198, 48, 3.20%, 0, 2, 3, 4.01
1606624406, 10, 3, 213, 199, 48, 3.20%, 0, 2, 3, 4.36
1606624438, 10, 3, 214, 200, 48, 3.21%, 0, 2, 3, 5.63
1606624490, 10, 3, 215, 201, 48, 3.22%, 0, 2, 3, 5.19
1606624511, 10, 3, 216, 202, 48, 3.23%, 0, 2, 3, 4.53
1606624553, 10, 3, 218, 204, 48, 3.23%, 0, 2, 3, 4.95
1606624578, 10, 3, 219, 205, 48, 3.23%, 0, 2, 3, 5.94
1606624589, 10, 3, 219, 205, 55, 3.23%, 0, 2, 3, 5.80
1606624636, 10, 3, 220, 206, 55, 3.23%, 0, 2, 3, 5.38
1606624662, 10, 3, 221, 207, 55, 3.23%, 0, 2, 3, 4.70
1606624693, 10, 84, 221, 207, 6, 3.23%, 0, 2, 3, 7.03
1606624729, 11, 4, 221, 206, 5, 3.23%, 0, 2, 3, 7.65
1606624765, 11, 85, 221, 206, 5, 3.23%, 0, 2, 3, 7.12
1606624801, 12, 5, 221, 205, 4, 3.23%, 0, 2, 3, 6.93
1606624816, 12, 5, 222, 206, 4, 3.23%, 0, 2, 3, 6.24
1606624842, 12, 13, 222, 206, 55, 3.23%, 0, 2, 3, 6.83
1606624883, 12, 15, 222, 206, 55, 3.23%, 0, 2, 3, 7.84
1606624914, 12, 56, 222, 206, 55, 3.23%, 0, 2, 3, 6.54
1606624955, 12, 90, 222, 206, 55, 3.23%, 0, 2, 3, 6.98
1606624975, 12, 90, 222, 205, 54, 3.23%, 0, 2, 3, 6.68
1606624996, 12, 90, 223, 206, 54, 3.24%, 0, 2, 3, 6.66
1606625022, 12, 95, 224, 207, 56, 3.24%, 0, 2, 3, 6.61
1606625053, 12, 95, 225, 208, 56, 3.24%, 0, 2, 3, 5.83
1606625084, 12, 96, 225, 207, 4, 3.24%, 0, 2, 3, 7.46
1606625094, 12, 96, 226, 208, 4, 3.25%, 0, 2, 3, 7.82
1606625115, 12, 105, 226, 207, 5, 3.25%, 0, 2, 3, 6.99
1606625136, 13, 96, 226, 206, 4, 3.25%, 0, 2, 3, 7.41
1606625157, 13, 96, 227, 207, 4, 3.25%, 0, 2, 3, 6.34
1606625167, 13, 96, 228, 208, 4, 3.25%, 0, 2, 3, 6.44
1606625172, 13, 96, 229, 209, 4, 3.25%, 0, 2, 3, 6.61
1606625188, 13, 138, 229, 209, 5, 3.25%, 0, 2, 3, 7.56
1606625203, 13, 138, 230, 210, 5, 3.25%, 0, 2, 3, 6.10
1606625234, 14, 101, 230, 209, 54, 3.25%, 0, 2, 3, 7.25
1606625270, 14, 149, 230, 208, 53, 3.25%, 0, 2, 3, 7.13
1606625295, 14, 149, 231, 209, 53, 3.26%, 0, 2, 3, 5.74
1606625326, 15, 105, 232, 209, 53, 3.26%, 0, 2, 3, 5.03
1606625357, 15, 105, 233, 210, 53, 3.26%, 0, 2, 3, 5.81
1606625399, 15, 109, 234, 211, 52, 3.26%, 0, 2, 3, 5.34
1606625440, 15, 159, 234, 210, 51, 3.26%, 0, 2, 3, 6.80
1606625450, 15, 159, 235, 211, 51, 3.26%, 0, 2, 4, 7.84
1606625496, 15, 164, 235, 210, 50, 3.26%, 0, 2, 4, 7.73
1606625502, 15, 164, 236, 211, 50, 3.26%, 0, 2, 4, 8.08
1606625507, 15, 164, 237, 212, 50, 3.26%, 0, 2, 4, 7.80
1606625527, 15, 164, 238, 213, 50, 3.26%, 0, 2, 4, 7.64
1606625635, 15, 185, 238, 212, 5, 3.26%, 0, 2, 4, 7.72
1606625661, 15, 185, 239, 213, 5, 3.26%, 0, 2, 4, 7.59
1606625677, 15, 185, 240, 214, 5, 3.26%, 0, 2, 4, 5.79
1606625697, 15, 191, 240, 213, 5, 3.26%, 0, 2, 4, 7.30
1606625738, 16, 110, 240, 212, 4, 3.26%, 0, 2, 4, 7.46
1606625780, 16, 112, 240, 211, 3, 3.26%, 0, 2, 4, 6.27
1606625785, 16, 112, 241, 212, 3, 3.27%, 0, 2, 4, 5.76
1606625800, 16, 112, 242, 213, 3, 3.32%, 0, 2, 4, 6.15
1606625837, 16, 218, 242, 212, 4, 3.32%, 0, 2, 4, 7.42
1606625862, 17, 113, 242, 211, 3, 3.32%, 0, 2, 4, 7.96
1606625899, 17, 113, 243, 212, 3, 3.32%, 0, 2, 4, 5.59
1606625905, 17, 113, 244, 213, 3, 3.32%, 0, 2, 4, 5.13
1606625920, 17, 219, 244, 212, 4, 3.32%, 0, 2, 4, 6.60
1606625956, 18, 114, 244, 211, 3, 3.32%, 0, 2, 4, 6.18
1606625966, 18, 114, 245, 212, 3, 3.33%, 0, 2, 4, 6.31
1606625993, 18, 114, 246, 213, 3, 3.33%, 0, 2, 4, 4.83
1606626013, 18, 116, 246, 212, 51, 3.33%, 0, 2, 4, 6.06
1606626024, 18, 116, 247, 213, 51, 3.33%, 0, 2, 4, 6.10
1606626034, 18, 116, 248, 214, 51, 3.33%, 0, 2, 4, 5.27
1606626039, 18, 116, 249, 215, 51, 3.33%, 0, 2, 4, 5.01
1606626044, 18, 116, 250, 216, 51, 3.33%, 0, 2, 4, 4.90
1606626050, 18, 116, 251, 217, 51, 3.34%, 0, 2, 4, 4.24
1606626096, 18, 117, 252, 217, 52, 3.34%, 0, 2, 4, 4.54
1606626112, 18, 117, 253, 218, 52, 3.34%, 0, 2, 4, 5.08
1606626149, 18, 117, 254, 219, 52, 3.34%, 0, 2, 4, 5.73
1606626159, 18, 117, 255, 220, 52, 3.34%, 0, 2, 4, 5.38
1606626190, 18, 120, 255, 219, 54, 3.34%, 0, 2, 4, 6.49
1606626226, 18, 120, 256, 220, 54, 3.34%, 0, 2, 4, 6.27
1606626236, 18, 122, 256, 219, 53, 3.34%, 0, 2, 4, 6.17
1606626272, 18, 122, 257, 220, 53, 3.34%, 0, 2, 4, 6.07
1606626288, 18, 123, 257, 219, 52, 3.34%, 0, 2, 4, 5.68
1606626334, 18, 123, 258, 220, 52, 3.34%, 0, 2, 4, 4.90
1606626351, 18, 124, 258, 219, 51, 3.34%, 0, 2, 4, 5.07
1606626392, 18, 124, 259, 220, 51, 3.34%, 0, 2, 4, 3.98
1606626418, 18, 225, 259, 219, 4, 3.34%, 0, 2, 4, 7.32
1606626433, 18, 225, 260, 220, 4, 3.34%, 0, 2, 4, 6.64
1606626465, 19, 131, 260, 219, 52, 3.34%, 0, 2, 4, 7.35
1606626480, 19, 131, 261, 220, 52, 3.34%, 0, 2, 4, 5.80
1606626501, 19, 131, 262, 221, 52, 3.34%, 0, 2, 4, 6.06
1606626516, 19, 133, 262, 220, 51, 3.34%, 0, 2, 4, 6.18
1606626532, 19, 133, 263, 221, 51, 3.34%, 0, 2, 4, 4.83
1606626537, 19, 133, 264, 222, 51, 3.34%, 0, 2, 4, 5.54
1606626553, 19, 133, 265, 223, 51, 3.35%, 0, 2, 4, 6.63
1606626563, 19, 133, 266, 224, 51, 3.35%, 0, 2, 4, 6.24
1606626583, 19, 230, 266, 223, 3, 3.35%, 0, 2, 4, 6.92
1606626630, 20, 134, 266, 222, 2, 3.35%, 0, 2, 4, 7.36
1606626677, 20, 138, 266, 221, 1, 3.35%, 0, 2, 4, 6.10
1606626688, 20, 138, 267, 222, 1, 3.35%, 0, 2, 4, 4.17
1606626698, 20, 138, 268, 223, 1, 3.35%, 0, 2, 4, 5.07
1606626714, 20, 138, 269, 224, 1, 3.35%, 0, 2, 4, 3.67
1606626766, 20, 138, 270, 225, 53, 3.35%, 0, 2, 4, 4.68
1606626839, 20, 239, 270, 225, 53, 3.35%, 0, 2, 4, 5.95
1606626896, 20, 249, 270, 224, 52, 3.35%, 0, 2, 4, 7.31
1606626917, 20, 249, 271, 225, 52, 3.35%, 0, 2, 4, 4.52
1606626943, 21, 144, 272, 225, 51, 3.35%, 0, 2, 4, 5.72
1606626948, 21, 144, 273, 226, 51, 3.35%, 0, 2, 4, 5.52
1606626959, 21, 144, 274, 227, 51, 3.35%, 0, 2, 4, 5.10
1606626979, 21, 144, 275, 228, 51, 3.35%, 0, 2, 4, 4.49
1606626984, 21, 144, 276, 229, 51, 3.35%, 0, 2, 4, 3.82
1606626990, 21, 144, 277, 230, 51, 3.36%, 0, 2, 4, 4.23
1606626995, 21, 144, 278, 231, 51, 3.36%, 0, 2, 4, 4.24
1606627047, 21, 144, 279, 232, 51, 3.36%, 0, 2, 4, 4.89
1606627105, 21, 144, 280, 233, 51, 3.36%, 0, 2, 4, 4.83
1606627125, 21, 144, 281, 234, 51, 3.36%, 0, 2, 4, 4.41
1606627136, 21, 144, 282, 235, 51, 3.36%, 0, 2, 4, 4.92
1606627187, 21, 144, 283, 236, 51, 3.36%, 0, 2, 4, 5.67
1606627197, 21, 151, 283, 235, 54, 3.36%, 0, 2, 4, 6.18
1606627218, 21, 151, 285, 237, 54, 3.36%, 0, 2, 4, 6.37
1606627260, 21, 153, 285, 236, 56, 3.36%, 0, 2, 4, 5.84
1606627317, 21, 154, 285, 235, 55, 3.36%, 0, 2, 4, 5.36
1606627322, 21, 154, 286, 236, 55, 3.36%, 0, 2, 4, 5.10
1606627338, 21, 154, 287, 237, 55, 3.36%, 0, 2, 4, 6.10
1606627348, 21, 154, 288, 238, 55, 3.36%, 0, 2, 4, 6.14
1606627374, 21, 154, 289, 239, 55, 3.37%, 0, 2, 4, 5.96
1606627411, 21, 154, 290, 240, 55, 3.37%, 0, 2, 4, 5.21
1606627503, 21, 156, 290, 239, 57, 3.37%, 0, 2, 4, 6.37
1606627518, 21, 156, 291, 240, 57, 3.37%, 0, 2, 4, 6.86
1606627571, 21, 162, 291, 239, 57, 3.37%, 0, 2, 4, 6.66
1606627586, 21, 163, 291, 238, 56, 3.37%, 0, 2, 4, 6.84
1606627617, 21, 163, 292, 239, 56, 3.38%, 0, 2, 4, 6.03
1606627627, 21, 163, 293, 240, 56, 3.38%, 0, 2, 4, 6.48
1606627648, 21, 166, 293, 239, 56, 3.38%, 0, 2, 4, 6.89
1606627663, 21, 171, 293, 238, 55, 3.38%, 0, 2, 4, 6.99
1606627720, 21, 176, 293, 237, 54, 3.38%, 0, 2, 4, 6.19
1606627771, 21, 259, 293, 236, 53, 3.38%, 0, 2, 4, 6.35
1606627802, 21, 259, 294, 237, 53, 3.38%, 0, 2, 5, 6.97
1606627864, 21, 277, 294, 236, 1, 3.38%, 0, 2, 5, 7.01
1606627875, 21, 277, 295, 237, 1, 3.38%, 0, 2, 5, 6.78
1606627931, 21, 282, 295, 236, 1, 3.38%, 0, 2, 5, 7.64
1606627978, 22, 14, 295, 235, 0, 3.38%, 0, 2, 5, 7.73
1606628004, 22, 20, 295, 234, 0, 3.38%, 0, 2, 5, 7.46
1606628029, 22, 20, 296, 235, 0, 3.38%, 0, 2, 5, 4.94
1606628050, 22, 179, 296, 234, 53, 3.38%, 0, 2, 5, 7.10
1606628060, 22, 179, 297, 235, 53, 3.39%, 0, 2, 5, 4.96
1606628070, 22, 179, 298, 236, 53, 3.39%, 0, 2, 5, 5.37
1606628076, 22, 179, 299, 237, 53, 3.39%, 0, 2, 5, 4.64
1606628112, 22, 179, 300, 238, 53, 3.39%, 0, 2, 5, 4.59
1606628189, 22, 179, 301, 239, 53, 3.39%, 0, 2, 5, 4.67
1606628266, 22, 186, 301, 238, 51, 3.39%, 0, 2, 5, 5.67
1606628312, 22, 186, 302, 239, 51, 3.39%, 0, 2, 5, 5.74
1606628328, 22, 189, 302, 238, 50, 3.39%, 0, 2, 5, 6.28
1606628364, 22, 189, 303, 239, 50, 3.39%, 0, 2, 5, 6.51
1606628384, 22, 196, 303, 238, 50, 3.39%, 0, 2, 5, 6.45
1606628436, 23, 95, 303, 237, 49, 3.39%, 0, 2, 5, 6.69
1606629084, 23, 123, 303, 237, 49, 3.39%, 0, 2, 5, 8.25
1606629114, 23, 198, 303, 237, 49, 3.39%, 0, 2, 5, 7.73
1606629165, 24, 166, 303, 236, 48, 3.39%, 0, 2, 5, 7.58
1606629196, 24, 289, 303, 236, 48, 3.39%, 0, 2, 5, 8.09
1606629238, 25, 201, 303, 235, 47, 3.39%, 0, 2, 5, 8.14
1606629248, 25, 201, 304, 236, 47, 3.40%, 0, 2, 5, 7.64
1606629253, 25, 201, 305, 237, 47, 3.40%, 0, 2, 5, 7.85
1606629325, 25, 291, 305, 236, 2, 3.40%, 0, 2, 5, 8.04
1606629330, 25, 291, 306, 237, 2, 3.40%, 0, 2, 5, 8.25
1606629361, 25, 291, 307, 238, 2, 3.40%, 0, 2, 5, 1.40
1606629382, 26, 205, 307, 237, 49, 3.40%, 0, 2, 5, 8.39
1606629392, 26, 205, 308, 238, 49, 3.40%, 0, 2, 5, 7.19
1606629412, 26, 205, 309, 239, 49, 3.40%, 0, 2, 5, 6.23
1606629453, 26, 206, 309, 238, 49, 3.40%, 0, 2, 5, 7.02
1606629500, 26, 213, 309, 237, 48, 3.40%, 0, 2, 5, 7.20
1606629505, 26, 213, 310, 238, 48, 3.40%, 0, 2, 5, 7.31
1606629515, 26, 213, 311, 239, 48, 3.40%, 0, 2, 5, 7.42
1606629520, 26, 213, 312, 240, 48, 3.40%, 0, 2, 5, 6.92
1606629623, 26, 213, 313, 241, 48, 3.40%, 0, 2, 5, 6.96
1606629638, 26, 213, 314, 242, 48, 3.40%, 0, 2, 5, 7.23
1606629648, 26, 213, 315, 243, 48, 3.40%, 0, 2, 5, 7.50
1606629658, 26, 214, 315, 242, 51, 3.40%, 0, 2, 5, 7.10
1606629674, 26, 293, 316, 242, 50, 3.40%, 0, 2, 6, 6.72
1606629685, 26, 293, 318, 244, 50, 3.40%, 0, 2, 6, 6.60
1606629716, 26, 293, 319, 245, 50, 3.40%, 0, 2, 6, 6.33
1606629772, 26, 293, 319, 245, 50, 3.40%, 0, 3, 6, 6.34
1606629798, 26, 293, 320, 246, 50, 3.40%, 0, 3, 6, 6.88
1606629813, 27, 215, 320, 245, 50, 3.40%, 0, 3, 6, 6.13
1606629828, 27, 215, 321, 246, 50, 3.41%, 0, 3, 6, 5.41
1606629839, 27, 215, 321, 246, 50, 3.41%, 0, 4, 6, 4.65
1606629854, 27, 215, 322, 247, 50, 3.41%, 0, 4, 6, 5.13
1606629859, 27, 215, 324, 249, 50, 3.41%, 0, 4, 6, 4.72
1606629865, 27, 215, 324, 249, 50, 3.41%, 0, 5, 6, 4.43
1606629870, 27, 215, 325, 250, 50, 3.41%, 0, 5, 6, 3.89
1606629876, 27, 215, 326, 251, 50, 3.41%, 0, 5, 6, 3.65
1606629881, 27, 215, 327, 252, 50, 3.41%, 0, 5, 6, 4.44
1606629897, 27, 215, 328, 253, 50, 3.41%, 0, 5, 6, 4.62
1606629902, 27, 215, 329, 254, 50, 3.41%, 0, 5, 6, 3.80
1606629918, 27, 215, 330, 255, 50, 3.41%, 0, 5, 6, 3.71
1606629928, 27, 215, 331, 256, 50, 3.41%, 0, 6, 6, 4.26
1606629970, 27, 216, 331, 255, 53, 3.41%, 0, 6, 6, 6.57
1606629980, 27, 216, 332, 256, 53, 3.41%, 0, 6, 6, 5.09
1606630016, 27, 216, 333, 257, 53, 3.41%, 0, 6, 6, 5.26
1606630037, 27, 216, 334, 258, 53, 3.41%, 0, 6, 6, 5.88
1606630057, 27, 216, 335, 259, 53, 3.41%, 0, 6, 6, 5.01
1606630093, 27, 216, 336, 260, 53, 3.41%, 0, 6, 6, 4.82
1606630186, 27, 295, 336, 259, 3, 3.41%, 0, 6, 6, 7.00
1606630211, 27, 295, 337, 260, 3, 3.41%, 0, 6, 6, 6.55
1606630232, 27, 305, 337, 259, 3, 3.41%, 0, 6, 6, 7.51
1606630247, 27, 305, 338, 260, 3, 3.42%, 0, 6, 6, 7.89
1606630258, 27, 305, 339, 261, 3, 3.42%, 0, 6, 6, 8.38
1606630268, 27, 305, 340, 262, 3, 3.42%, 0, 6, 6, 7.84
1606630335, 27, 305, 341, 263, 3, 3.42%, 0, 6, 6, 7.23
1606630340, 27, 305, 343, 265, 3, 3.42%, 0, 6, 6, 5.72
1606630345, 27, 305, 344, 266, 3, 3.42%, 0, 6, 6, 5.02
1606630350, 27, 305, 346, 268, 3, 3.42%, 0, 6, 6, 4.96
1606630355, 27, 305, 347, 269, 3, 3.42%, 0, 6, 6, 5.74
1606630360, 27, 305, 348, 270, 3, 3.42%, 0, 6, 6, 4.91
1606630411, 27, 318, 348, 269, 7, 3.42%, 0, 6, 6, 7.71
1606630488, 28, 218, 348, 268, 6, 3.42%, 0, 6, 6, 8.02
1606630534, 28, 219, 348, 268, 6, 3.42%, 0, 6, 6, 7.50
1606630586, 28, 326, 348, 268, 6, 3.42%, 0, 6, 6, 7.60
1606630607, 28, 326, 349, 269, 6, 3.42%, 0, 6, 6, 7.62
1606630612, 28, 326, 350, 270, 6, 3.42%, 0, 6, 6, 5.94
1606630617, 28, 326, 351, 271, 6, 3.42%, 0, 6, 6, 5.48
1606630622, 28, 326, 352, 272, 6, 3.42%, 0, 6, 6, 5.93
1606630653, 28, 336, 352, 271, 6, 3.42%, 0, 6, 6, 7.95
1606630710, 28, 336, 353, 272, 6, 3.42%, 0, 6, 6, 6.23
1606630741, 28, 339, 353, 271, 6, 3.42%, 0, 6, 6, 7.76
1606630756, 28, 339, 354, 272, 6, 3.42%, 0, 6, 6, 6.52
1606630772, 28, 339, 355, 273, 6, 3.43%, 0, 6, 6, 7.63
1606630839, 28, 339, 356, 274, 6, 3.43%, 0, 6, 6, 8.01
1606630885, 28, 339, 357, 275, 6, 3.43%, 0, 6, 6, 7.64
1606630895, 28, 339, 358, 276, 6, 3.43%, 0, 6, 6, 7.44
1606630905, 28, 339, 360, 278, 6, 3.43%, 0, 6, 6, 6.72
1606630916, 28, 341, 360, 277, 7, 3.43%, 0, 6, 6, 7.45
1606630987, 28, 351, 360, 276, 6, 3.43%, 0, 6, 6, 7.84
1606630998, 28, 351, 361, 277, 6, 3.43%, 0, 6, 6, 6.88
1606631003, 28, 351, 362, 278, 6, 3.43%, 0, 6, 6, 5.06
1606631039, 28, 351, 363, 279, 6, 3.43%, 0, 6, 6, 6.83
1606631070, 28, 351, 364, 280, 6, 3.43%, 0, 6, 6, 5.00
1606631178, 29, 219, 364, 279, 44, 3.43%, 0, 6, 6, 7.18
1606631219, 29, 222, 364, 279, 44, 3.43%, 0, 6, 6, 6.89
1606631265, 29, 352, 364, 278, 43, 3.43%, 0, 6, 6, 7.99
1606631312, 29, 352, 365, 279, 43, 3.43%, 0, 6, 6, 1.12
1606631317, 29, 352, 366, 280, 43, 3.43%, 0, 6, 6, 6.97
1606631333, 29, 352, 367, 281, 43, 3.43%, 0, 6, 6, 6.34
1606631369, 29, 352, 368, 282, 43, 3.43%, 0, 6, 6, 5.81
1606631385, 29, 352, 369, 283, 43, 3.43%, 0, 6, 6, 5.39
1606631390, 29, 354, 369, 282, 9, 3.43%, 0, 6, 6, 7.41
1606631395, 29, 354, 370, 283, 9, 3.43%, 0, 6, 7, 7.50
1606631492, 30, 223, 371, 283, 43, 3.43%, 0, 6, 7, 7.80
1606631498, 30, 223, 372, 284, 43, 3.44%, 0, 6, 7, 7.22
1606631503, 30, 223, 373, 285, 43, 3.44%, 0, 6, 7, 6.52
1606631508, 30, 223, 374, 286, 43, 3.44%, 0, 6, 7, 6.78
1606631513, 30, 223, 375, 287, 43, 3.44%, 0, 6, 7, 6.25
1606631523, 30, 223, 376, 288, 43, 3.44%, 0, 6, 7, 6.78
1606631544, 30, 223, 377, 289, 43, 3.44%, 0, 6, 7, 7.00
1606631657, 30, 228, 377, 288, 46, 3.44%, 0, 6, 7, 7.35
1606631662, 30, 228, 378, 289, 46, 3.44%, 0, 6, 7, 7.19
1606631667, 30, 228, 379, 290, 46, 3.44%, 0, 6, 7, 7.17
1606631677, 30, 228, 380, 291, 46, 3.44%, 0, 6, 7, 7.00
1606631708, 30, 228, 381, 292, 46, 3.44%, 0, 6, 7, 6.18
1606631729, 30, 228, 382, 293, 46, 3.44%, 0, 6, 7, 7.03
1606631739, 30, 228, 383, 294, 46, 3.45%, 0, 6, 7, 6.50
1606631790, 30, 228, 384, 295, 46, 3.45%, 0, 6, 7, 6.54
1606631832, 30, 230, 384, 294, 49, 3.45%, 0, 6, 7, 6.63
1606631858, 30, 230, 385, 295, 49, 3.45%, 0, 6, 7, 4.53
1606631894, 30, 231, 385, 295, 49, 3.45%, 0, 6, 7, 6.16
1606631899, 30, 231, 386, 296, 49, 3.45%, 0, 6, 7, 4.95
1606631910, 30, 231, 387, 297, 49, 3.45%, 0, 6, 7, 4.31
1606631920, 30, 231, 388, 298, 49, 3.45%, 0, 6, 7, 4.01
1606631951, 30, 231, 389, 299, 49, 3.45%, 0, 6, 7, 4.91
1606631962, 30, 231, 390, 300, 49, 3.45%, 0, 6, 7, 4.89
1606632060, 30, 355, 390, 299, 7, 3.45%, 0, 6, 7, 5.90
1606632137, 31, 241, 390, 298, 6, 3.45%, 0, 6, 7, 7.59
1606632184, 31, 359, 390, 297, 5, 3.45%, 0, 6, 7, 7.00
1606632261, 32, 243, 390, 296, 4, 3.45%, 0, 6, 7, 7.27
1606632286, 32, 243, 391, 297, 4, 3.45%, 0, 6, 7, 4.76
1606632317, 32, 244, 391, 296, 50, 3.45%, 0, 6, 7, 6.76
1606632363, 32, 361, 391, 295, 49, 3.45%, 0, 6, 7, 7.31
1606632415, 32, 361, 392, 296, 49, 3.45%, 0, 6, 7, 7.16
1606632420, 32, 361, 393, 297, 49, 3.45%, 0, 6, 7, 5.10
1606632461, 33, 246, 393, 296, 49, 3.45%, 0, 6, 7, 7.05
1606632476, 33, 246, 394, 297, 49, 3.45%, 0, 6, 7, 6.36
1606632528, 33, 249, 395, 297, 47, 3.45%, 0, 6, 7, 7.34
1606632549, 33, 249, 396, 298, 47, 3.45%, 0, 6, 7, 5.73
1606632621, 33, 253, 396, 298, 46, 3.45%, 0, 6, 7, 7.00
1606632647, 33, 253, 397, 299, 46, 3.45%, 0, 6, 7, 6.95
1606632672, 33, 264, 397, 298, 46, 3.45%, 0, 6, 7, 7.47
1606632718, 33, 265, 397, 297, 45, 3.45%, 0, 6, 7, 7.54
1606632739, 33, 265, 398, 298, 45, 3.45%, 0, 6, 7, 7.13
1606632769, 33, 267, 398, 297, 45, 3.45%, 0, 6, 7, 7.58
1606632775, 33, 267, 399, 298, 45, 3.45%, 0, 6, 7, 7.16
1606632836, 33, 268, 401, 299, 44, 3.45%, 0, 6, 7, 4.96
1606632857, 33, 268, 402, 300, 44, 3.45%, 0, 6, 7, 4.99
1606632882, 33, 268, 403, 301, 44, 3.45%, 0, 6, 7, 4.60
1606632893, 33, 268, 404, 302, 44, 3.45%, 0, 6, 7, 4.02
1606632898, 33, 268, 405, 303, 44, 3.45%, 0, 6, 7, 3.35
1606632903, 33, 268, 406, 304, 44, 3.45%, 0, 6, 7, 4.13
1606632913, 33, 268, 407, 305, 44, 3.45%, 0, 6, 7, 4.29
1606632918, 33, 268, 408, 306, 44, 3.45%, 0, 6, 7, 4.65
1606632949, 33, 268, 409, 307, 44, 3.45%, 0, 6, 7, 4.23
1606632954, 33, 268, 410, 308, 44, 3.45%, 0, 6, 7, 4.46
1606632964, 33, 268, 411, 309, 44, 3.45%, 0, 6, 7, 4.95
1606633011, 33, 268, 412, 310, 44, 3.46%, 0, 6, 7, 5.45
1606633016, 33, 268, 413, 311, 44, 3.46%, 0, 6, 7, 4.57
1606633042, 33, 272, 413, 310, 50, 3.46%, 0, 6, 7, 6.76
1606633052, 33, 272, 414, 311, 50, 3.46%, 0, 6, 7, 7.31
1606633058, 33, 272, 415, 312, 50, 3.46%, 0, 6, 7, 6.63
1606633083, 33, 272, 416, 313, 50, 3.46%, 0, 6, 7, 7.42
1606633114, 33, 272, 417, 314, 50, 3.46%, 0, 6, 7, 7.44
1606633192, 33, 273, 417, 313, 51, 3.46%, 0, 6, 7, 6.98
1606633197, 33, 273, 418, 314, 51, 3.46%, 0, 6, 7, 6.40
1606633243, 33, 273, 419, 315, 51, 3.46%, 0, 6, 7, 6.13
1606633254, 33, 273, 420, 316, 51, 3.46%, 0, 6, 7, 5.47
1606633270, 33, 279, 421, 316, 51, 3.46%, 0, 6, 7, 6.46
1606633310, 33, 279, 422, 317, 51, 3.46%, 0, 6, 7, 5.65
1606633341, 33, 281, 422, 316, 51, 3.46%, 0, 6, 7, 7.10
1606633392, 33, 363, 422, 315, 50, 3.46%, 0, 6, 7, 6.79
1606633459, 33, 365, 422, 314, 49, 3.46%, 0, 6, 7, 7.35
1606633465, 33, 365, 423, 315, 49, 3.46%, 0, 6, 7, 5.12
1606633476, 33, 365, 424, 316, 49, 3.46%, 0, 6, 7, 5.56
1606633563, 34, 281, 424, 315, 50, 3.46%, 0, 6, 7, 7.63
1606633594, 34, 281, 425, 316, 50, 3.46%, 0, 6, 7, 5.37
1606633610, 34, 281, 426, 317, 50, 3.46%, 0, 6, 7, 5.75
1606633620, 34, 281, 427, 318, 50, 3.48%, 0, 6, 7, 5.93
1606633625, 34, 281, 428, 319, 50, 3.48%, 0, 6, 7, 5.56
1606633641, 34, 282, 428, 319, 50, 3.48%, 0, 6, 7, 6.61
1606633646, 34, 282, 429, 320, 50, 3.48%, 0, 6, 7, 6.90
1606633708, 34, 284, 429, 320, 49, 3.48%, 0, 6, 7, 6.91
1606633754, 34, 286, 429, 319, 48, 3.48%, 0, 6, 7, 7.12
1606633759, 34, 286, 430, 320, 48, 3.48%, 0, 6, 7, 7.09
1606633821, 34, 289, 430, 319, 48, 3.48%, 0, 6, 7, 7.26
1606633950, 34, 290, 430, 319, 48, 3.48%, 0, 6, 7, 7.18
1606633955, 34, 290, 431, 320, 48, 3.48%, 0, 6, 7, 7.22
1606633971, 34, 290, 432, 321, 48, 3.48%, 0, 6, 7, 6.29
1606634002, 34, 290, 433, 322, 48, 3.48%, 0, 6, 7, 6.26
1606634017, 34, 290, 434, 323, 48, 3.48%, 0, 6, 7, 7.01
1606634105, 34, 290, 435, 324, 48, 3.48%, 0, 6, 7, 6.68
1606634115, 34, 299, 435, 323, 49, 3.48%, 0, 6, 7, 6.78
1606634126, 34, 299, 436, 324, 49, 3.48%, 0, 6, 7, 6.68
1606634136, 34, 299, 437, 325, 49, 3.48%, 0, 6, 7, 6.26
1606634152, 34, 299, 438, 326, 49, 3.48%, 0, 6, 7, 6.89
1606634167, 34, 299, 439, 327, 49, 3.48%, 0, 6, 7, 7.02
1606634172, 34, 299, 440, 328, 49, 3.48%, 0, 6, 7, 5.03
1606634203, 34, 299, 441, 329, 49, 3.48%, 0, 6, 7, 5.33
1606634214, 34, 299, 442, 330, 49, 3.48%, 0, 6, 7, 6.31
1606634240, 34, 299, 443, 331, 49, 3.48%, 0, 6, 7, 5.53
1606634255, 34, 299, 444, 332, 49, 3.48%, 0, 6, 7, 5.80
1606634302, 34, 301, 444, 331, 47, 3.48%, 0, 6, 7, 6.98
1606634348, 34, 369, 444, 330, 46, 3.48%, 0, 6, 7, 7.69
1606634353, 34, 369, 445, 331, 46, 3.48%, 0, 6, 8, 8.22
1606634404, 34, 369, 446, 332, 46, 3.48%, 0, 6, 8, 8.15
1606634409, 34, 369, 447, 333, 46, 3.48%, 0, 6, 8, 5.94
1606634415, 34, 369, 448, 334, 46, 3.48%, 0, 6, 8, 7.08
1606634440, 34, 369, 449, 335, 46, 3.48%, 0, 6, 8, 7.13
1606634471, 35, 302, 449, 334, 45, 3.48%, 0, 6, 8, 7.83
1606634476, 35, 302, 450, 335, 45, 3.48%, 0, 6, 8, 7.31
1606634492, 35, 302, 451, 336, 45, 3.48%, 0, 6, 8, 6.76
1606634523, 35, 302, 452, 337, 45, 3.48%, 0, 6, 8, 6.33
1606634543, 35, 302, 453, 338, 45, 3.48%, 0, 6, 8, 6.78
1606634589, 35, 302, 454, 339, 45, 3.48%, 0, 6, 8, 7.17
1606634630, 35, 378, 454, 338, 4, 3.48%, 0, 6, 8, 6.96
1606634687, 36, 303, 454, 337, 3, 3.48%, 0, 6, 8, 7.98
1606634734, 36, 304, 454, 336, 2, 3.48%, 0, 6, 8, 7.72
1606634775, 36, 304, 455, 337, 2, 3.49%, 0, 6, 8, 7.85
1606634780, 36, 392, 455, 336, 4, 3.49%, 0, 6, 8, 7.14
1606634847, 37, 307, 455, 335, 3, 3.49%, 0, 6, 8, 6.70
1606634852, 37, 307, 456, 336, 3, 3.49%, 0, 6, 8, 5.36
1606634913, 37, 310, 456, 335, 46, 3.49%, 0, 6, 8, 6.66
1606634919, 37, 310, 457, 336, 46, 3.49%, 0, 6, 8, 5.68
1606634929, 37, 310, 458, 337, 46, 3.49%, 0, 6, 8, 7.04
1606634980, 37, 310, 459, 338, 46, 3.49%, 0, 6, 8, 6.32
1606635016, 37, 310, 460, 339, 46, 3.49%, 0, 6, 8, 6.46
1606635022, 37, 400, 460, 338, 3, 3.49%, 0, 6, 8, 7.57
1606635068, 37, 415, 460, 337, 2, 3.49%, 0, 6, 8, 8.14
1606635114, 38, 318, 460, 336, 1, 3.49%, 0, 6, 8, 8.01
1606635124, 38, 318, 461, 337, 1, 3.49%, 0, 6, 8, 4.74
1606635154, 38, 318, 462, 338, 1, 3.49%, 0, 6, 8, 5.62
1606635279, 38, 318, 463, 339, 1, 3.49%, 0, 6, 8, 4.20
1606635294, 38, 318, 464, 340, 1, 3.49%, 0, 6, 8, 4.04
1606635310, 38, 318, 465, 341, 1, 3.49%, 0, 6, 8, 4.56
1606635357, 38, 318, 466, 342, 1, 3.49%, 0, 6, 8, 5.36
1606635398, 38, 326, 466, 342, 46, 3.49%, 0, 6, 8, 6.40
1606635507, 38, 335, 466, 342, 46, 3.49%, 0, 6, 8, 6.55
1606635517, 38, 335, 467, 343, 46, 3.49%, 0, 6, 8, 5.62
1606635579, 38, 354, 467, 342, 45, 3.49%, 0, 6, 8, 6.31
1606635584, 38, 354, 468, 343, 45, 3.49%, 0, 6, 8, 6.33
1606635600, 38, 354, 469, 344, 45, 3.49%, 0, 6, 8, 7.37
1606635605, 38, 354, 470, 345, 45, 3.49%, 0, 6, 8, 6.19
1606635610, 38, 354, 471, 346, 45, 3.49%, 0, 6, 8, 6.43
1606635657, 38, 354, 472, 347, 45, 3.49%, 0, 6, 8, 6.90
1606635688, 38, 354, 473, 348, 45, 3.49%, 0, 6, 8, 6.17
1606635760, 38, 359, 473, 348, 48, 3.49%, 0, 6, 8, 6.41
1606635770, 38, 359, 474, 349, 48, 3.49%, 0, 6, 8, 5.97
1606635863, 38, 359, 475, 350, 48, 3.49%, 0, 6, 8, 5.56
1606635910, 38, 431, 475, 350, 1, 3.49%, 0, 6, 8, 7.49
1606635987, 39, 360, 475, 349, 0, 3.49%, 0, 6, 8, 7.40
1606636050, 39, 360, 476, 350, 0, 3.49%, 0, 6, 8, 5.02
1606636086, 39, 448, 476, 349, 1, 3.49%, 0, 6, 8, 7.15
1606636199, 39, 452, 476, 348, 0, 3.49%, 0, 6, 8, 8.15
1606636230, 40, 363, 476, 348, 0, 3.49%, 0, 6, 8, 6.78
1606636318, 40, 363, 477, 349, 0, 3.49%, 0, 6, 8, 4.87
1606636328, 40, 370, 477, 349, 50, 3.49%, 0, 6, 8, 6.20
1606636353, 40, 370, 478, 350, 50, 3.49%, 0, 6, 8, 6.51
1606636384, 40, 370, 479, 351, 50, 3.49%, 0, 6, 8, 6.92
1606636420, 40, 370, 480, 352, 50, 3.49%, 0, 6, 8, 6.76
1606636456, 40, 371, 480, 351, 51, 3.49%, 0, 6, 8, 7.13
1606636467, 40, 371, 481, 352, 51, 3.49%, 0, 6, 8, 6.79
1606636492, 40, 371, 482, 353, 51, 3.49%, 0, 6, 8, 6.49
1606636497, 40, 371, 483, 354, 51, 3.49%, 0, 6, 8, 6.87
1606636533, 40, 371, 484, 355, 51, 3.49%, 0, 6, 8, 6.99
1606636569, 40, 371, 485, 356, 51, 3.49%, 0, 6, 8, 6.56
1606636635, 40, 371, 486, 357, 51, 3.49%, 0, 6, 8, 5.57
1606636651, 40, 372, 486, 356, 51, 3.49%, 0, 6, 8, 6.43
1606636666, 40, 372, 487, 357, 51, 3.49%, 0, 6, 8, 6.35
1606636754, 40, 372, 488, 358, 51, 3.49%, 0, 6, 8, 5.47
1606636775, 40, 372, 489, 359, 51, 3.49%, 0, 6, 8, 6.39
1606636785, 40, 374, 489, 358, 49, 3.49%, 0, 6, 8, 6.05
1606636795, 40, 374, 490, 359, 49, 3.49%, 0, 6, 8, 5.93
1606636800, 40, 374, 491, 360, 49, 3.49%, 0, 6, 8, 6.17
1606636826, 40, 374, 492, 361, 49, 3.49%, 0, 6, 8, 6.14
1606636925, 40, 378, 492, 360, 49, 3.49%, 0, 6, 8, 6.94
1606636935, 40, 378, 492, 360, 49, 3.49%, 0, 7, 8, 1.57
1606636940, 40, 378, 493, 361, 49, 3.49%, 0, 7, 8, 2.74
1606636961, 40, 378, 494, 362, 49, 3.49%, 0, 7, 8, 6.71
1606636971, 40, 378, 495, 363, 49, 3.49%, 0, 7, 8, 5.90
1606637018, 40, 378, 496, 364, 49, 3.49%, 0, 7, 8, 6.16
1606637090, 40, 378, 497, 365, 49, 3.49%, 0, 7, 8, 6.68
1606637121, 40, 378, 497, 365, 50, 3.49%, 0, 7, 8, 5.95
1606637208, 40, 468, 497, 365, 50, 3.49%, 0, 7, 8, 7.66
1606637280, 40, 487, 497, 364, 49, 3.49%, 0, 7, 8, 7.11
1606637336, 41, 378, 497, 363, 48, 3.49%, 0, 7, 8, 7.54
1606637413, 41, 378, 498, 364, 48, 3.49%, 0, 7, 8, 5.69
1606637434, 42, 10, 498, 364, 0, 3.49%, 0, 7, 8, 7.38
1606637464, 42, 379, 498, 363, 0, 3.49%, 0, 7, 8, 8.14
1606637475, 42, 379, 500, 365, 0, 3.50%, 0, 7, 8, 5.30
1606637480, 42, 379, 501, 366, 0, 3.50%, 0, 7, 8, 5.21
1606637541, 42, 379, 502, 367, 0, 3.50%, 0, 7, 8, 5.66
1606637654, 43, 14, 502, 366, 0, 3.50%, 0, 7, 8, 7.85
1606637675, 43, 379, 502, 366, 0, 3.50%, 0, 7, 8, 7.57
1606637757, 44, 45, 502, 366, 0, 3.50%, 0, 7, 8, 7.67
1606637792, 44, 380, 502, 366, 0, 3.50%, 0, 7, 8, 6.55
1606637798, 44, 380, 503, 367, 0, 3.50%, 0, 7, 8, 4.85
1606637907, 44, 380, 504, 368, 0, 3.50%, 0, 7, 8, 4.39
1606637974, 44, 382, 504, 367, 53, 3.50%, 0, 7, 8, 5.43
1606638035, 44, 382, 505, 368, 53, 3.50%, 0, 7, 8, 5.82
1606638045, 44, 382, 506, 369, 53, 3.50%, 0, 7, 8, 4.51
1606638061, 44, 382, 507, 370, 53, 3.50%, 0, 7, 8, 4.66
1606638092, 44, 384, 507, 369, 54, 3.50%, 0, 7, 8, 6.18
1606638098, 44, 384, 508, 370, 54, 3.50%, 0, 7, 8, 4.74
1606638103, 44, 384, 509, 371, 54, 3.50%, 0, 7, 8, 4.15
1606638124, 44, 384, 509, 371, 54, 3.50%, 0, 8, 8, 4.53
1606638176, 44, 384, 510, 372, 54, 3.50%, 0, 8, 8, 4.92
1606638263, 44, 384, 511, 373, 54, 3.50%, 0, 8, 8, 5.17
1606638299, 45, 48, 511, 372, 0, 3.50%, 0, 8, 8, 6.13
1606638335, 45, 386, 511, 372, 0, 3.50%, 0, 8, 8, 6.43
1606638446, 45, 387, 511, 371, 0, 3.50%, 0, 8, 8, 5.29
1606638451, 45, 387, 512, 372, 0, 3.50%, 0, 8, 8, 3.74
1606638456, 45, 387, 513, 373, 0, 3.50%, 0, 8, 8, 3.22
1606638482, 45, 387, 514, 374, 0, 3.50%, 0, 8, 8, 4.26
1606638524, 45, 387, 514, 374, 0, 3.50%, 0, 9, 8, 4.00
1606638539, 45, 387, 515, 375, 0, 3.50%, 0, 9, 8, 4.36
1606638545, 45, 387, 516, 376, 0, 3.50%, 0, 9, 8, 4.56
1606638571, 45, 387, 517, 377, 0, 3.50%, 0, 9, 8, 3.94
1606638663, 45, 394, 517, 377, 54, 3.50%, 0, 9, 8, 5.94
1606638673, 45, 394, 518, 378, 54, 3.50%, 0, 9, 8, 4.83
1606638689, 45, 394, 519, 379, 54, 3.50%, 0, 9, 8, 6.75
1606638700, 45, 394, 520, 380, 54, 3.50%, 0, 9, 8, 6.38
1606638710, 45, 394, 521, 381, 54, 3.50%, 0, 9, 8, 7.45
1606638720, 45, 394, 522, 382, 54, 3.50%, 0, 9, 8, 7.33
1606638777, 45, 394, 523, 383, 54, 3.50%, 0, 9, 8, 7.12
1606638844, 45, 396, 523, 382, 53, 3.50%, 0, 9, 8, 7.46
1606638885, 45, 396, 524, 383, 53, 3.51%, 0, 9, 8, 7.45
1606638926, 45, 398, 524, 382, 53, 3.51%, 0, 9, 8, 7.40
1606638931, 45, 398, 525, 383, 53, 3.51%, 0, 9, 8, 5.66
1606638936, 45, 398, 527, 385, 53, 3.51%, 0, 9, 8, 5.53
1606638946, 45, 398, 528, 386, 53, 3.51%, 0, 9, 8, 6.35
1606639008, 45, 398, 529, 387, 53, 3.51%, 0, 9, 8, 6.72
1606639074, 45, 398, 530, 388, 53, 3.51%, 0, 9, 8, 5.80
1606639080, 45, 398, 531, 389, 53, 3.51%, 0, 9, 8, 3.95
1606639086, 45, 398, 532, 390, 53, 3.51%, 0, 10, 8, 3.33
1606639092, 45, 398, 533, 391, 53, 3.51%, 0, 10, 8, 3.92
1606639097, 45, 398, 534, 392, 53, 3.51%, 0, 10, 8, 4.25
1606639108, 45, 398, 535, 393, 53, 3.51%, 0, 10, 8, 3.97
1606639149, 46, 63, 535, 392, 0, 3.51%, 0, 10, 8, 8.00
1606639185, 46, 67, 535, 392, 0, 3.51%, 0, 10, 8, 7.19
1606639221, 46, 75, 535, 391, 0, 3.51%, 0, 10, 8, 6.32
1606639226, 46, 75, 536, 392, 0, 3.51%, 0, 10, 8, 5.33
1606639267, 46, 404, 537, 393, 52, 3.51%, 0, 10, 8, 5.93
1606639298, 46, 404, 538, 394, 52, 3.51%, 0, 10, 8, 4.69
1606639309, 46, 404, 539, 395, 52, 3.51%, 0, 10, 8, 3.87
1606639314, 46, 404, 540, 396, 52, 3.51%, 0, 10, 8, 3.64
1606639350, 46, 404, 541, 397, 52, 3.51%, 0, 10, 8, 3.63
1606639383, 46, 404, 541, 397, 52, 3.51%, 0, 11, 8, 4.81
1606639425, 46, 404, 542, 398, 52, 3.51%, 0, 11, 8, 4.25
1606639487, 47, 82, 542, 397, 0, 3.51%, 0, 11, 8, 6.15
1606639523, 47, 83, 542, 397, 0, 3.51%, 0, 11, 8, 7.86
1606639564, 47, 86, 542, 396, 0, 3.51%, 0, 11, 8, 6.86
1606639601, 47, 405, 542, 395, 0, 3.51%, 0, 11, 8, 6.61
1606639725, 47, 406, 542, 394, 0, 3.51%, 0, 11, 8, 4.84
1606639740, 47, 406, 543, 395, 0, 3.51%, 0, 11, 8, 3.99
1606639854, 48, 87, 543, 394, 0, 3.51%, 0, 11, 8, 6.62
1606639891, 48, 406, 543, 394, 0, 3.51%, 0, 11, 8, 6.22
1606639944, 48, 406, 544, 395, 0, 3.51%, 0, 11, 8, 4.73
1606639986, 48, 413, 544, 395, 53, 3.51%, 0, 11, 8, 5.75
1606640012, 48, 413, 545, 396, 53, 3.51%, 0, 11, 8, 7.43
1606640094, 49, 132, 545, 395, 0, 3.51%, 0, 11, 8, 7.90
1606640114, 49, 414, 545, 395, 0, 3.51%, 0, 11, 8, 5.98
1606640135, 49, 414, 546, 396, 0, 3.51%, 0, 11, 8, 3.81
1606640156, 49, 414, 547, 397, 0, 3.51%, 0, 11, 8, 4.47
1606640166, 49, 414, 548, 398, 0, 3.51%, 0, 11, 8, 3.48
1606640213, 49, 414, 549, 399, 0, 3.51%, 0, 11, 8, 3.71
1606640229, 49, 414, 550, 400, 0, 3.51%, 0, 11, 8, 3.98
1606640240, 49, 414, 551, 401, 0, 3.51%, 0, 11, 8, 3.36
1606640361, 50, 140, 551, 400, 0, 3.51%, 0, 11, 8, 7.87
1606640397, 50, 142, 551, 399, 0, 3.51%, 0, 11, 8, 8.32
1606640417, 50, 147, 551, 398, 0, 3.51%, 0, 11, 8, 8.06
1606640448, 50, 157, 551, 398, 0, 3.51%, 0, 11, 8, 8.04
1606640478, 50, 416, 551, 398, 0, 3.51%, 0, 11, 8, 7.78
1606640489, 50, 416, 553, 400, 0, 3.51%, 0, 11, 8, 7.20
1606640530, 50, 416, 554, 401, 0, 3.52%, 0, 11, 8, 7.21
1606640648, 50, 417, 555, 401, 56, 3.52%, 0, 11, 8, 7.10
1606640663, 50, 417, 556, 402, 56, 3.52%, 0, 11, 8, 6.53
1606640751, 50, 417, 557, 403, 56, 3.52%, 0, 11, 8, 6.27
1606640772, 50, 417, 557, 403, 56, 3.52%, 0, 12, 8, 6.28
1606640834, 51, 192, 557, 402, 0, 3.52%, 0, 12, 8, 7.44
1606640875, 51, 223, 557, 401, 0, 3.52%, 0, 12, 8, 8.40
1606640895, 51, 427, 557, 401, 0, 3.52%, 0, 12, 8, 7.29
1606640963, 51, 431, 557, 400, 0, 3.52%, 0, 12, 8, 6.37
1606641004, 52, 234, 557, 400, 0, 3.52%, 0, 12, 8, 7.06
1606641045, 52, 431, 557, 400, 0, 3.52%, 0, 12, 8, 6.12
1606641174, 52, 435, 557, 400, 0, 3.52%, 0, 12, 8, 5.74
1606641190, 52, 435, 558, 401, 0, 3.52%, 0, 12, 8, 6.06
1606641200, 52, 435, 559, 402, 0, 3.52%, 0, 12, 8, 4.16
1606641211, 52, 435, 560, 403, 0, 3.52%, 0, 12, 8, 6.20
1606641257, 52, 435, 561, 404, 0, 3.52%, 0, 12, 8, 6.50
1606641309, 52, 435, 562, 405, 0, 3.52%, 0, 12, 8, 6.70
1606641370, 52, 436, 562, 404, 57, 3.52%, 0, 12, 8, 6.55
1606641380, 52, 436, 563, 405, 57, 3.52%, 0, 12, 8, 5.82
1606641396, 52, 436, 564, 406, 57, 3.52%, 0, 12, 8, 2.64
1606641417, 52, 436, 565, 407, 57, 3.52%, 0, 12, 8, 4.48
1606641433, 52, 436, 566, 408, 57, 3.52%, 0, 12, 8, 5.06
1606641568, 53, 257, 566, 407, 0, 3.52%, 0, 12, 8, 7.54
1606641578, 53, 438, 566, 407, 0, 3.52%, 0, 12, 8, 7.75
1606641665, 53, 438, 566, 406, 0, 3.52%, 0, 12, 8, 6.88
1606641754, 53, 440, 567, 407, 0, 3.52%, 0, 12, 8, 4.98
1606641770, 53, 440, 568, 408, 0, 3.52%, 0, 12, 8, 3.90
1606641977, 53, 443, 568, 407, 58, 3.52%, 0, 12, 8, 6.68
1606642053, 54, 284, 568, 406, 57, 3.52%, 0, 12, 8, 7.93
1606642094, 54, 451, 568, 406, 57, 3.52%, 0, 12, 8, 8.20
1606642186, 55, 425, 568, 405, 56, 3.52%, 0, 12, 8, 7.11
1606642217, 55, 425, 569, 406, 56, 3.52%, 0, 12, 8, 5.81
1606642222, 55, 425, 570, 407, 56, 3.52%, 0, 12, 8, 5.52
1606642279, 55, 454, 570, 406, 54, 3.52%, 0, 12, 8, 7.86
1606642356, 55, 455, 570, 405, 53, 3.52%, 0, 12, 8, 7.38
1606642459, 55, 456, 571, 405, 52, 3.52%, 0, 12, 8, 5.23
1606642642, 55, 456, 571, 404, 52, 3.52%, 0, 12, 8, 5.43
1606642768, 55, 486, 571, 404, 52, 3.52%, 0, 12, 8, 6.35
1606642844, 55, 544, 571, 403, 51, 3.52%, 0, 12, 8, 7.91
1606642886, 55, 544, 572, 404, 51, 3.52%, 0, 12, 8, 5.65
1606642931, 55, 569, 572, 403, 2, 3.52%, 0, 12, 8, 7.97
1606642998, 55, 569, 573, 404, 2, 3.53%, 0, 12, 8, 8.13
1606643008, 56, 457, 573, 403, 50, 3.53%, 0, 12, 8, 7.44
1606643091, 56, 464, 573, 402, 49, 3.53%, 0, 12, 8, 5.49
1606643194, 56, 465, 574, 402, 48, 3.53%, 0, 12, 8, 6.25
1606643308, 56, 466, 574, 401, 47, 3.53%, 0, 12, 8, 6.71
1606643323, 56, 466, 575, 402, 47, 3.53%, 0, 12, 8, 6.10
1606643350, 56, 466, 577, 404, 47, 3.53%, 0, 12, 8, 4.07
1606643365, 56, 466, 578, 405, 47, 3.53%, 0, 12, 8, 4.56
1606643396, 56, 466, 579, 406, 47, 3.53%, 0, 12, 8, 4.12
1606643406, 56, 466, 580, 407, 47, 3.53%, 0, 12, 8, 5.10
1606643442, 56, 466, 581, 408, 47, 3.53%, 0, 12, 8, 5.92
1606643489, 56, 466, 582, 409, 47, 3.53%, 0, 12, 8, 5.43
1606643545, 56, 468, 582, 408, 51, 3.53%, 0, 12, 8, 6.67
1606643623, 56, 473, 583, 409, 51, 3.53%, 0, 12, 8, 5.93
1606643787, 56, 473, 584, 410, 51, 3.53%, 0, 12, 8, 5.79
1606643793, 56, 474, 584, 409, 51, 3.53%, 0, 12, 8, 5.13
1606643803, 56, 474, 585, 410, 51, 3.53%, 0, 12, 8, 4.44
1606643911, 56, 572, 585, 409, 1, 3.53%, 0, 12, 8, 6.72
1606643958, 56, 572, 586, 410, 1, 3.53%, 0, 12, 8, 5.33
1606643973, 56, 572, 587, 411, 1, 3.53%, 0, 12, 8, 4.94
1606643988, 56, 572, 588, 412, 1, 3.53%, 0, 12, 8, 5.01
1606644019, 57, 476, 588, 411, 51, 3.53%, 0, 12, 8, 6.16
1606644123, 57, 477, 588, 410, 50, 3.53%, 0, 12, 8, 5.41
1606644210, 57, 478, 588, 409, 49, 3.53%, 0, 12, 8, 6.79
1606644215, 57, 478, 589, 410, 49, 3.53%, 0, 12, 8, 6.71
1606644226, 57, 478, 590, 411, 49, 3.53%, 0, 12, 8, 6.01
1606644298, 57, 478, 591, 412, 49, 3.54%, 0, 12, 8, 6.65
1606644396, 57, 479, 591, 411, 49, 3.54%, 0, 12, 8, 7.00
1606644478, 57, 573, 591, 410, 48, 3.54%, 0, 12, 8, 7.79
1606644597, 58, 480, 591, 409, 47, 3.54%, 0, 12, 8, 7.16
1606644607, 58, 480, 592, 410, 47, 3.54%, 0, 12, 8, 6.83
1606644617, 58, 480, 593, 411, 47, 3.54%, 0, 12, 8, 6.62
1606644627, 58, 480, 594, 412, 47, 3.54%, 0, 12, 8, 6.34
1606644674, 58, 480, 595, 413, 47, 3.54%, 0, 12, 8, 6.88
1606644731, 58, 480, 596, 414, 47, 3.54%, 0, 12, 8, 6.39
1606644751, 58, 480, 597, 415, 47, 3.54%, 0, 12, 8, 5.13
1606644793, 58, 578, 597, 414, 2, 3.54%, 0, 12, 8, 6.66
1606644828, 59, 486, 598, 414, 1, 3.54%, 0, 12, 8, 7.37
1606644864, 59, 486, 599, 415, 1, 3.54%, 0, 12, 8, 5.19
1606644880, 59, 486, 600, 416, 1, 3.54%, 0, 12, 8, 6.13
1606644958, 59, 486, 601, 417, 1, 3.54%, 0, 12, 8, 5.79
1606645010, 59, 486, 602, 418, 1, 3.54%, 0, 12, 8, 5.17
1606645041, 59, 586, 602, 418, 2, 3.54%, 0, 12, 8, 7.31
1606645113, 60, 486, 602, 417, 1, 3.54%, 0, 12, 8, 7.33
1606645133, 60, 486, 603, 418, 1, 3.54%, 0, 12, 8, 7.04
1606645185, 60, 486, 604, 419, 1, 3.54%, 0, 12, 8, 6.55
1606645237, 60, 487, 604, 419, 48, 3.54%, 0, 12, 8, 6.13
1606645248, 60, 487, 605, 420, 48, 3.54%, 0, 12, 8, 3.67
1606645316, 60, 487, 606, 421, 48, 3.54%, 0, 12, 8, 3.76
1606645359, 60, 487, 607, 422, 48, 3.54%, 0, 12, 8, 3.48
1606645479, 60, 488, 607, 422, 48, 3.54%, 0, 12, 8, 5.97
1606645561, 60, 490, 607, 421, 47, 3.54%, 0, 12, 8, 7.14
1606645572, 60, 490, 608, 422, 47, 3.54%, 0, 12, 8, 6.55
1606645680, 60, 498, 608, 421, 46, 3.54%, 0, 12, 8, 6.05
1606645685, 60, 498, 609, 422, 46, 3.54%, 0, 12, 8, 4.58
1606645695, 60, 498, 610, 423, 46, 3.54%, 0, 12, 8, 5.53
1606645732, 60, 498, 611, 424, 46, 3.54%, 0, 12, 8, 4.82
1606645779, 60, 498, 612, 425, 46, 3.54%, 0, 12, 8, 4.72
1606645804, 60, 498, 613, 426, 46, 3.54%, 0, 12, 8, 5.76
1606645866, 60, 587, 613, 425, 1, 3.54%, 0, 12, 8, 6.04
1606645933, 60, 587, 614, 426, 1, 3.54%, 0, 12, 8, 7.58
1606645948, 60, 613, 614, 425, 1, 3.54%, 0, 12, 8, 8.16
1606646015, 61, 500, 614, 424, 0, 3.54%, 0, 12, 8, 8.00
1606646123, 61, 501, 614, 423, 0, 3.54%, 0, 12, 8, 6.53
1606646215, 61, 501, 614, 422, 0, 3.54%, 0, 12, 8, 6.50
1606646313, 61, 502, 614, 422, 0, 3.54%, 0, 12, 8, 6.20
1606646440, 61, 502, 614, 421, 0, 3.54%, 0, 12, 8, 3.62
1606646561, 61, 503, 614, 421, 0, 3.54%, 0, 12, 8, 5.16
1606646618, 61, 503, 615, 422, 0, 3.54%, 0, 12, 8, 5.39
1606646680, 62, 21, 615, 421, 0, 3.54%, 0, 12, 8, 6.80
1606646711, 62, 28, 615, 420, 0, 3.54%, 0, 12, 8, 8.00
1606646732, 62, 44, 615, 419, 0, 3.54%, 0, 12, 8, 7.81
1606646752, 62, 45, 615, 418, 0, 3.54%, 0, 12, 8, 7.40
1606646788, 62, 504, 615, 418, 0, 3.54%, 0, 12, 8, 6.31
1606646871, 63, 47, 615, 417, 0, 3.54%, 0, 12, 8, 7.36
1606646907, 63, 505, 615, 416, 0, 3.54%, 0, 12, 8, 7.03
1606646965, 63, 505, 616, 417, 0, 3.54%, 0, 12, 8, 5.09
1606647001, 64, 48, 616, 416, 0, 3.54%, 0, 12, 8, 6.52
1606647037, 64, 505, 616, 416, 0, 3.54%, 0, 12, 8, 7.65
1606647114, 64, 505, 616, 416, 0, 3.54%, 0, 13, 8, 4.73
1606647135, 64, 507, 616, 416, 0, 3.54%, 0, 13, 8, 4.94
1606647248, 65, 50, 616, 415, 0, 3.54%, 0, 13, 8, 6.49
1606647284, 65, 511, 616, 414, 0, 3.54%, 0, 13, 8, 6.30
1606647337, 65, 511, 617, 415, 0, 3.54%, 0, 13, 8, 3.25
1606647368, 65, 514, 617, 414, 47, 3.54%, 0, 13, 8, 5.00
1606647471, 65, 516, 617, 413, 46, 3.54%, 0, 13, 8, 6.06
1606647549, 66, 153, 617, 412, 46, 3.54%, 0, 13, 8, 6.40
1606647569, 66, 516, 617, 412, 46, 3.54%, 0, 13, 8, 6.57
1606647647, 66, 522, 617, 412, 46, 3.54%, 0, 13, 8, 5.84
1606647673, 66, 522, 618, 413, 46, 3.54%, 0, 13, 8, 6.85
1606647760, 66, 523, 618, 412, 45, 3.54%, 0, 13, 8, 6.63
1606647837, 67, 196, 618, 411, 44, 3.54%, 0, 13, 8, 7.89
1606647873, 67, 222, 618, 411, 44, 3.54%, 0, 13, 8, 8.41
1606647899, 67, 526, 619, 412, 44, 3.54%, 0, 13, 8, 7.89
1606647909, 67, 526, 620, 413, 44, 3.54%, 0, 13, 8, 5.18
1606648089, 67, 539, 621, 413, 43, 3.54%, 0, 13, 8, 5.27
1606648100, 67, 539, 622, 414, 43, 3.54%, 0, 13, 8, 4.32
1606648105, 67, 539, 623, 415, 43, 3.54%, 0, 13, 8, 3.88
1606648126, 67, 539, 624, 416, 43, 3.54%, 0, 13, 8, 4.99
1606648136, 67, 539, 624, 416, 43, 3.54%, 0, 14, 8, 4.02
1606648141, 67, 539, 625, 417, 43, 3.54%, 0, 14, 8, 4.93
1606648184, 67, 539, 626, 418, 43, 3.54%, 0, 14, 8, 4.67
1606648251, 67, 539, 627, 419, 43, 3.54%, 0, 14, 8, 6.14
1606648271, 67, 539, 628, 420, 43, 3.54%, 0, 14, 8, 4.91
1606648303, 67, 541, 628, 419, 45, 3.54%, 0, 14, 8, 5.27
1606648329, 67, 541, 629, 420, 45, 3.54%, 0, 14, 8, 4.89
1606648427, 67, 541, 630, 421, 45, 3.54%, 0, 14, 8, 5.13
1606648452, 68, 229, 630, 420, 0, 3.54%, 0, 14, 8, 6.79
1606648493, 68, 543, 630, 419, 0, 3.54%, 0, 14, 8, 7.54
1606648570, 68, 544, 630, 418, 0, 3.54%, 0, 14, 8, 6.49
1606648902, 69, 242, 630, 418, 0, 3.54%, 0, 14, 8, 7.80
1606648928, 69, 254, 630, 417, 0, 3.54%, 0, 14, 8, 8.29
1606648953, 69, 545, 630, 416, 0, 3.54%, 0, 14, 8, 7.41
1606648964, 69, 545, 631, 417, 0, 3.54%, 0, 14, 8, 4.58
1606649006, 69, 545, 632, 418, 0, 3.54%, 0, 14, 8, 4.80
1606649121, 69, 545, 633, 419, 0, 3.54%, 0, 14, 8, 5.00
1606649147, 69, 545, 634, 420, 0, 3.54%, 0, 14, 8, 5.02
1606649199, 69, 545, 635, 421, 0, 3.54%, 0, 14, 8, 5.36
1606649225, 69, 546, 635, 420, 48, 3.54%, 0, 14, 8, 5.27
1606649303, 69, 546, 636, 421, 48, 3.55%, 0, 14, 8, 6.92
1606649318, 70, 285, 636, 420, 0, 3.55%, 0, 14, 8, 7.51
1606649339, 70, 547, 636, 419, 0, 3.55%, 0, 14, 8, 5.96
1606649431, 70, 547, 636, 418, 0, 3.55%, 0, 14, 8, 5.87
1606649520, 70, 548, 636, 418, 0, 3.55%, 0, 14, 8, 4.75
1606649603, 71, 306, 636, 417, 0, 3.55%, 0, 14, 8, 7.03
1606649639, 71, 342, 636, 417, 0, 3.55%, 0, 14, 8, 8.05
1606649717, 71, 548, 636, 416, 0, 3.55%, 0, 14, 8, 6.64
1606649800, 72, 343, 636, 416, 0, 3.55%, 0, 14, 8, 5.96
1606649866, 72, 343, 637, 417, 0, 3.55%, 0, 14, 8, 6.86
1606649886, 72, 444, 637, 416, 1, 3.55%, 0, 14, 8, 7.91
1606649938, 72, 444, 638, 417, 1, 3.55%, 0, 14, 9, 8.43
1606650025, 72, 551, 638, 416, 48, 3.55%, 0, 14, 9, 8.27
1606650108, 72, 562, 638, 415, 47, 3.55%, 0, 14, 9, 8.08
1606650179, 73, 553, 638, 414, 46, 3.55%, 0, 14, 9, 7.63
1606650205, 73, 553, 639, 415, 46, 3.56%, 0, 14, 9, 6.61
1606650287, 73, 602, 639, 414, 2, 3.56%, 0, 14, 9, 7.40
1606650333, 74, 556, 639, 413, 1, 3.56%, 0, 14, 9, 7.55
1606650360, 74, 556, 640, 414, 1, 3.56%, 0, 14, 9, 5.61
1606650453, 74, 556, 641, 415, 1, 3.56%, 0, 14, 9, 6.87
1606650458, 74, 616, 641, 414, 2, 3.56%, 0, 14, 9, 7.41
1606650510, 74, 617, 641, 413, 1, 3.56%, 0, 14, 9, 8.30
1606650556, 75, 557, 641, 412, 0, 3.56%, 0, 14, 9, 6.28
1606650561, 75, 557, 641, 412, 0, 3.56%, 0, 15, 9, 2.59
1606650566, 75, 557, 642, 413, 0, 3.56%, 0, 15, 9, 3.59
1606650577, 75, 557, 643, 414, 0, 3.56%, 0, 15, 9, 4.36
1606650633, 75, 559, 643, 414, 46, 3.56%, 0, 15, 9, 6.09
1606650721, 75, 562, 643, 413, 45, 3.56%, 0, 15, 9, 6.79
1606650804, 75, 562, 644, 414, 45, 3.56%, 0, 15, 9, 7.24
1606650928, 75, 566, 644, 414, 45, 3.56%, 0, 15, 9, 6.53
1606650933, 75, 566, 645, 415, 45, 3.56%, 0, 15, 9, 5.25
1606651036, 75, 566, 646, 416, 45, 3.56%, 0, 15, 9, 6.05
1606651082, 75, 636, 646, 415, 2, 3.56%, 0, 15, 9, 6.09
1606651165, 76, 570, 646, 414, 1, 3.56%, 0, 15, 9, 6.82
1606651243, 76, 574, 646, 413, 0, 3.56%, 0, 15, 9, 5.82
1606651331, 76, 574, 646, 413, 0, 3.56%, 0, 16, 9, 5.56
1606651522, 76, 574, 647, 414, 0, 3.56%, 0, 16, 9, 4.90
1606651563, 76, 575, 647, 414, 44, 3.56%, 0, 16, 9, 5.88
1606651640, 76, 579, 647, 413, 43, 3.56%, 0, 16, 9, 5.86
1606651734, 76, 580, 647, 412, 42, 3.56%, 0, 16, 9, 6.14
1606651822, 76, 583, 647, 411, 41, 3.56%, 0, 16, 9, 5.58
1606651832, 76, 583, 648, 412, 41, 3.56%, 0, 16, 9, 6.46
1606651991, 76, 637, 648, 411, 1, 3.56%, 0, 16, 9, 7.05
1606652043, 76, 637, 649, 412, 1, 3.56%, 0, 16, 10, 8.43
1606652182, 77, 590, 649, 411, 41, 3.56%, 0, 16, 10, 7.70
1606652213, 77, 590, 650, 412, 41, 3.56%, 0, 16, 10, 5.81
1606652224, 77, 590, 651, 413, 41, 3.57%, 0, 16, 10, 6.55
1606652374, 77, 593, 651, 412, 41, 3.57%, 0, 16, 10, 6.70
1606652384, 77, 593, 652, 413, 41, 3.57%, 0, 16, 10, 5.64
1606652425, 77, 593, 653, 414, 41, 3.57%, 0, 16, 10, 6.43
1606652565, 77, 594, 654, 414, 41, 3.57%, 0, 16, 10, 6.71
1606652602, 77, 594, 655, 415, 41, 3.57%, 0, 16, 10, 6.70
1606652627, 77, 594, 656, 416, 41, 3.57%, 0, 16, 10, 6.33
1606652746, 77, 595, 656, 415, 40, 3.57%, 0, 16, 10, 6.44
1606652757, 77, 595, 657, 416, 40, 3.57%, 0, 16, 10, 6.11
1606652772, 77, 595, 658, 417, 40, 3.57%, 0, 16, 10, 5.65
1606652845, 77, 595, 659, 418, 40, 3.57%, 0, 16, 10, 5.62
1606652850, 77, 595, 660, 419, 40, 3.57%, 0, 16, 10, 5.71
1606652949, 77, 602, 660, 418, 41, 3.57%, 0, 16, 10, 6.24
1606653000, 77, 602, 661, 419, 41, 3.57%, 0, 16, 10, 7.07
1606653036, 78, 12, 661, 419, 0, 3.57%, 0, 16, 10, 7.65
1606653072, 78, 604, 661, 418, 0, 3.57%, 0, 16, 10, 6.87
1606653077, 78, 604, 662, 419, 0, 3.57%, 0, 16, 10, 4.79
1606653155, 78, 604, 663, 420, 0, 3.57%, 0, 16, 10, 4.11
1606653161, 78, 604, 663, 420, 0, 3.57%, 0, 17, 10, 3.88
1606653181, 78, 604, 664, 421, 0, 3.57%, 0, 17, 10, 4.08
1606653187, 78, 604, 665, 422, 0, 3.57%, 0, 17, 10, 3.18
1606653269, 78, 604, 666, 423, 0, 3.57%, 0, 17, 10, 6.13
1606653306, 78, 610, 666, 422, 42, 3.57%, 0, 17, 10, 6.01
1606653337, 78, 610, 667, 423, 42, 3.60%, 0, 17, 10, 5.99
1606653394, 78, 610, 668, 424, 42, 3.60%, 0, 17, 10, 4.96
1606653456, 78, 616, 668, 423, 42, 3.60%, 0, 17, 10, 4.91
1606653518, 78, 616, 668, 423, 42, 3.60%, 0, 18, 10, 3.05
1606653582, 78, 616, 669, 424, 42, 3.60%, 0, 18, 10, 3.76
1606653640, 78, 616, 669, 424, 42, 3.60%, 0, 19, 10, 3.46
1606653645, 78, 616, 669, 424, 42, 3.60%, 0, 20, 10, 3.36
1606653651, 78, 616, 669, 424, 42, 3.60%, 0, 21, 10, 3.74
1606654341, 78, 616, 670, 425, 42, 3.60%, 0, 21, 10, 3.67
1606654357, 78, 616, 671, 426, 42, 3.60%, 0, 21, 10, 3.65
1606654399, 78, 617, 672, 427, 41, 3.60%, 0, 21, 10, 5.45
1606654426, 78, 617, 673, 428, 41, 3.60%, 0, 21, 10, 6.06
1606654559, 78, 617, 674, 429, 41, 3.60%, 0, 21, 10, 5.76
1606654590, 78, 618, 674, 429, 41, 3.60%, 0, 21, 10, 6.35
1606654601, 78, 618, 675, 430, 41, 3.60%, 0, 21, 10, 6.24
1606654647, 78, 618, 676, 431, 41, 3.60%, 0, 21, 10, 4.86
1606654704, 79, 30, 676, 431, 0, 3.60%, 0, 21, 10, 7.51
1606654745, 79, 618, 676, 430, 0, 3.60%, 0, 21, 10, 5.82
1606654792, 79, 619, 676, 430, 0, 3.60%, 0, 21, 10, 5.94
1606654880, 79, 619, 677, 431, 0, 3.60%, 0, 21, 10, 5.13
1606654900, 79, 623, 678, 431, 41, 3.60%, 0, 21, 10, 5.57
1606654910, 79, 623, 679, 432, 41, 3.60%, 0, 21, 10, 3.57
1606655026, 79, 623, 680, 433, 41, 3.60%, 0, 21, 10, 3.61
1606655047, 79, 623, 681, 434, 41, 3.60%, 0, 21, 10, 4.05
1606655157, 79, 629, 682, 434, 41, 3.60%, 0, 21, 10, 4.43
1606655162, 79, 629, 683, 435, 41, 3.60%, 0, 21, 10, 4.69
1606655172, 79, 629, 684, 436, 41, 3.60%, 0, 21, 10, 4.41
1606655224, 79, 629, 685, 437, 41, 3.60%, 0, 21, 10, 4.51
1606655261, 79, 629, 686, 438, 41, 3.60%, 0, 21, 10, 4.02
1606655271, 79, 629, 687, 439, 41, 3.60%, 0, 21, 10, 4.19
1606655389, 79, 629, 688, 440, 41, 3.60%, 0, 21, 10, 5.61
1606655410, 79, 630, 688, 439, 42, 3.60%, 0, 21, 10, 5.45
1606655524, 79, 630, 688, 438, 42, 3.60%, 0, 21, 10, 4.14
1606655634, 79, 631, 688, 438, 42, 3.60%, 0, 21, 10, 4.24
1606655739, 79, 631, 688, 437, 42, 3.60%, 0, 21, 10, 4.78
1606655843, 79, 633, 688, 437, 42, 3.60%, 0, 21, 10, 5.46
1606655869, 79, 633, 689, 438, 42, 3.60%, 0, 21, 10, 4.21
1606656021, 79, 634, 689, 437, 44, 3.60%, 0, 21, 10, 5.48
1606656073, 79, 634, 691, 439, 44, 3.60%, 0, 21, 10, 4.93
1606656135, 80, 36, 691, 438, 0, 3.60%, 0, 21, 10, 6.91
1606656171, 80, 640, 691, 438, 0, 3.60%, 0, 21, 10, 7.80
1606656253, 80, 642, 692, 438, 0, 3.61%, 0, 21, 10, 6.52
1606656263, 80, 642, 693, 439, 0, 3.61%, 0, 21, 10, 5.12
1606656294, 80, 642, 694, 440, 0, 3.61%, 0, 21, 10, 4.73
1606656304, 80, 642, 695, 441, 0, 3.61%, 0, 21, 10, 4.01
1606656326, 80, 642, 696, 442, 0, 3.61%, 0, 21, 10, 5.27
1606656341, 80, 642, 697, 443, 0, 3.61%, 0, 21, 10, 5.41
1606656476, 80, 643, 697, 442, 44, 3.61%, 0, 21, 10, 6.21
1606656501, 80, 643, 698, 443, 44, 3.61%, 0, 21, 10, 7.21
1606656512, 80, 643, 699, 444, 44, 3.61%, 0, 21, 10, 6.44
1606656533, 80, 643, 700, 445, 44, 3.61%, 0, 21, 10, 6.04
1606656667, 80, 645, 700, 444, 44, 3.61%, 0, 21, 10, 6.25
1606656754, 80, 646, 700, 443, 43, 3.61%, 0, 21, 10, 6.08
1606656843, 80, 646, 701, 444, 43, 3.61%, 0, 21, 10, 4.22
1606656874, 81, 176, 701, 443, 42, 3.61%, 0, 21, 10, 7.39
1606656910, 81, 186, 701, 443, 42, 3.61%, 0, 21, 10, 8.31
1606656946, 81, 318, 701, 443, 42, 3.61%, 0, 21, 10, 8.23
1606657028, 81, 647, 701, 443, 42, 3.61%, 0, 21, 10, 7.53
1606657079, 81, 647, 702, 444, 42, 3.61%, 0, 21, 10, 6.85
1606657094, 81, 647, 703, 445, 42, 3.61%, 0, 21, 10, 6.80
1606657171, 81, 649, 703, 444, 42, 3.61%, 0, 21, 10, 6.79
1606657192, 81, 649, 704, 445, 42, 3.61%, 0, 21, 10, 5.27
1606657290, 81, 650, 704, 444, 41, 3.61%, 0, 21, 10, 7.05
1606657315, 81, 650, 705, 445, 41, 3.61%, 0, 21, 10, 7.32
1606657403, 81, 651, 705, 444, 40, 3.61%, 0, 21, 10, 6.49
1606657490, 81, 652, 705, 443, 39, 3.61%, 0, 21, 10, 6.55
1606657495, 81, 652, 706, 444, 39, 3.61%, 0, 21, 10, 5.95
1606657615, 81, 654, 706, 443, 39, 3.61%, 0, 22, 10, 1.14
1606657625, 81, 654, 708, 445, 39, 3.61%, 0, 22, 10, 4.85
1606657635, 81, 654, 709, 446, 39, 3.61%, 0, 22, 10, 5.49
1606657641, 81, 654, 711, 448, 39, 3.61%, 0, 22, 10, 4.61
1606657682, 81, 654, 712, 449, 39, 3.61%, 0, 22, 10, 6.15
1606657697, 81, 654, 713, 450, 39, 3.61%, 0, 22, 10, 5.12
1606657831, 81, 656, 714, 450, 43, 3.61%, 0, 22, 10, 6.90
1606657907, 81, 656, 715, 451, 43, 3.61%, 0, 22, 10, 6.00
1606657913, 81, 656, 716, 452, 43, 3.61%, 0, 22, 10, 4.58
1606657928, 81, 656, 717, 453, 43, 3.61%, 0, 22, 10, 4.94
1606657975, 81, 658, 717, 452, 41, 3.61%, 0, 22, 10, 5.15
1606657980, 81, 658, 718, 453, 41, 3.61%, 0, 22, 10, 5.26
1606658053, 81, 658, 719, 454, 41, 3.61%, 0, 22, 10, 6.31
1606658058, 81, 658, 720, 455, 41, 3.61%, 0, 22, 10, 5.89
1606658120, 81, 659, 720, 454, 42, 3.61%, 0, 22, 10, 6.31
1606658207, 82, 434, 720, 453, 41, 3.61%, 0, 22, 10, 7.71
1606658279, 82, 663, 720, 452, 40, 3.61%, 0, 22, 10, 7.56
1606658361, 82, 663, 720, 451, 40, 3.61%, 0, 22, 10, 6.21
1606658404, 82, 663, 721, 452, 40, 3.61%, 0, 22, 10, 5.10
1606658503, 82, 666, 721, 452, 42, 3.61%, 0, 22, 10, 6.01
1606658513, 82, 666, 722, 453, 42, 3.63%, 0, 22, 10, 6.75
1606658529, 82, 666, 723, 454, 42, 3.64%, 0, 22, 10, 6.46
1606658690, 82, 668, 723, 453, 43, 3.64%, 0, 22, 10, 5.29
1606658752, 83, 594, 723, 453, 43, 3.64%, 0, 22, 10, 5.52
1606658773, 83, 594, 724, 454, 43, 3.64%, 0, 22, 10, 5.63
1606658855, 83, 670, 725, 455, 43, 3.64%, 0, 22, 10, 6.04
1606658970, 83, 670, 725, 454, 42, 3.64%, 0, 22, 10, 4.25
1606658980, 83, 670, 726, 455, 42, 3.64%, 0, 22, 10, 4.50
1606659089, 84, 645, 726, 455, 1, 3.64%, 0, 22, 10, 6.71
1606659161, 84, 671, 726, 455, 1, 3.64%, 0, 22, 10, 7.28
1606659248, 84, 676, 726, 454, 1, 3.64%, 0, 22, 10, 5.32
1606659357, 84, 677, 726, 453, 0, 3.64%, 0, 22, 10, 4.92
1606659393, 85, 17, 726, 452, 0, 3.64%, 0, 22, 10, 5.52
1606659414, 85, 44, 726, 452, 0, 3.64%, 0, 22, 10, 8.34
1606659429, 85, 678, 726, 452, 0, 3.64%, 0, 22, 10, 6.23
1606659549, 86, 45, 726, 451, 0, 3.64%, 0, 22, 10, 5.13
1606659591, 86, 678, 726, 451, 0, 3.64%, 0, 22, 10, 6.20
1606659617, 86, 678, 727, 452, 0, 3.64%, 0, 22, 10, 3.40
1606659675, 86, 678, 728, 453, 0, 3.64%, 0, 22, 10, 3.58
1606659717, 86, 678, 729, 454, 0, 3.64%, 0, 22, 10, 3.24
1606659765, 86, 678, 730, 455, 0, 3.64%, 0, 22, 10, 3.47
1606659859, 86, 685, 730, 455, 41, 3.64%, 0, 22, 10, 4.03
1606659864, 86, 685, 731, 456, 41, 3.64%, 0, 22, 10, 3.82
1606659906, 86, 685, 732, 457, 41, 3.64%, 0, 22, 10, 2.87
1606659974, 86, 685, 733, 458, 41, 3.64%, 0, 22, 10, 4.07
1606659980, 86, 685, 734, 459, 41, 3.64%, 0, 22, 10, 3.51
1606659990, 86, 685, 735, 460, 41, 3.64%, 0, 22, 10, 3.69
1606660099, 86, 685, 736, 461, 41, 3.64%, 0, 22, 10, 3.20
1606660183, 86, 688, 736, 460, 38, 3.64%, 0, 22, 10, 4.00
1606660203, 86, 688, 737, 461, 38, 3.64%, 0, 22, 10, 3.86
1606660245, 86, 688, 738, 462, 38, 3.64%, 0, 22, 10, 4.54
1606660417, 87, 317, 738, 461, 1, 3.64%, 0, 22, 10, 7.04
1606660478, 87, 317, 739, 462, 1, 3.64%, 0, 22, 10, 7.46
1606660499, 87, 689, 739, 461, 1, 3.64%, 0, 22, 10, 6.83
1606660573, 87, 689, 740, 462, 1, 3.64%, 0, 22, 10, 6.29
1606660619, 87, 689, 740, 461, 37, 3.64%, 0, 22, 10, 5.92
1606660732, 88, 510, 740, 461, 37, 3.64%, 0, 22, 10, 6.17
1606660763, 88, 510, 741, 462, 37, 3.64%, 0, 22, 10, 6.52
1606660814, 88, 693, 741, 461, 36, 3.64%, 0, 22, 10, 8.15
1606660824, 88, 693, 742, 462, 36, 3.64%, 0, 22, 10, 5.77
1606660938, 88, 696, 742, 461, 37, 3.64%, 0, 22, 10, 5.09
1606660943, 88, 696, 743, 462, 37, 3.64%, 0, 22, 10, 3.91
1606660964, 88, 696, 744, 463, 37, 3.64%, 0, 22, 10, 5.55
1606661011, 88, 696, 745, 464, 37, 3.64%, 0, 22, 10, 5.00
1606661062, 88, 696, 746, 465, 37, 3.65%, 0, 22, 10, 4.85
1606661088, 88, 696, 747, 466, 37, 3.66%, 0, 22, 10, 4.92
1606661165, 89, 639, 747, 465, 2, 3.66%, 0, 22, 10, 7.01
1606661247, 89, 697, 747, 464, 1, 3.66%, 0, 22, 10, 7.51
1606661364, 89, 700, 747, 463, 0, 3.66%, 0, 22, 10, 7.12
1606661396, 89, 700, 748, 464, 0, 3.66%, 0, 22, 10, 5.60
1606661427, 89, 702, 748, 464, 36, 3.66%, 0, 22, 10, 6.25
1606661489, 89, 702, 749, 465, 36, 3.66%, 0, 22, 11, 6.96
1606661561, 89, 703, 749, 464, 36, 3.66%, 0, 22, 11, 6.28
1606661707, 89, 704, 750, 464, 36, 3.66%, 0, 22, 11, 6.30
1606661881, 89, 707, 750, 463, 36, 3.66%, 0, 22, 11, 6.56
1606661886, 89, 707, 751, 464, 36, 3.66%, 0, 22, 11, 5.20
1606661897, 89, 707, 752, 465, 36, 3.66%, 0, 22, 11, 4.53
1606661907, 89, 707, 753, 466, 36, 3.66%, 0, 22, 11, 4.24
1606661923, 89, 707, 754, 467, 36, 3.66%, 0, 22, 11, 3.84
1606661933, 89, 707, 755, 468, 36, 3.66%, 0, 22, 11, 3.65
1606661954, 89, 707, 756, 469, 36, 3.66%, 0, 22, 11, 5.18
1606661979, 89, 707, 757, 470, 36, 3.66%, 0, 22, 11, 4.51
1606662047, 89, 707, 758, 471, 36, 3.66%, 0, 22, 11, 4.87
1606662150, 89, 710, 758, 470, 36, 3.66%, 0, 22, 11, 6.80
1606662155, 89, 710, 759, 471, 36, 3.66%, 0, 22, 11, 5.80
1606662176, 89, 710, 760, 472, 36, 3.66%, 0, 22, 11, 4.67
1606662181, 89, 710, 761, 473, 36, 3.66%, 0, 22, 11, 4.00
1606662202, 89, 710, 762, 474, 36, 3.66%, 0, 22, 11, 4.84
1606662228, 89, 710, 763, 475, 36, 3.66%, 0, 22, 11, 4.54
1606662233, 89, 710, 764, 476, 36, 3.66%, 0, 22, 11, 4.82
1606662249, 89, 710, 765, 477, 36, 3.66%, 0, 22, 11, 3.48
1606662363, 89, 711, 765, 476, 40, 3.66%, 0, 22, 11, 6.16
1606662482, 89, 711, 765, 475, 40, 3.66%, 0, 22, 11, 6.53
1606662585, 89, 711, 766, 476, 40, 3.66%, 0, 22, 11, 5.47
1606662611, 89, 713, 766, 476, 39, 3.66%, 0, 22, 11, 6.62
1606662621, 89, 713, 767, 477, 39, 3.66%, 0, 22, 11, 6.75
1606662637, 89, 713, 768, 478, 39, 3.66%, 0, 22, 11, 5.96
1606662683, 89, 713, 769, 479, 39, 3.66%, 0, 22, 11, 6.87
1606662698, 89, 713, 770, 480, 39, 3.66%, 0, 22, 11, 6.90
1606662807, 90, 659, 770, 479, 1, 3.66%, 0, 22, 11, 7.13
1606662848, 90, 715, 770, 479, 1, 3.66%, 0, 22, 11, 7.39
1606662942, 90, 715, 771, 480, 1, 3.66%, 0, 22, 11, 5.05
1606662968, 90, 715, 772, 481, 1, 3.66%, 0, 22, 11, 5.48
1606663019, 90, 715, 773, 482, 1, 3.66%, 0, 22, 11, 4.56
1606663051, 90, 718, 773, 481, 40, 3.66%, 0, 22, 11, 5.32
1606663056, 90, 718, 774, 482, 40, 3.66%, 0, 22, 11, 5.92
1606663231, 90, 720, 774, 481, 40, 3.66%, 0, 22, 11, 7.28
1606663236, 90, 720, 775, 482, 40, 3.66%, 0, 22, 11, 6.74
1606663278, 90, 720, 776, 483, 40, 3.66%, 0, 22, 11, 6.21
1606663484, 90, 721, 776, 482, 39, 3.66%, 0, 22, 11, 5.18
1606663630, 90, 724, 776, 481, 38, 3.66%, 0, 22, 11, 5.52
1606663682, 90, 724, 776, 481, 38, 3.66%, 0, 23, 11, 4.11
1606663751, 90, 725, 777, 481, 38, 3.66%, 0, 23, 11, 4.48
1606663772, 90, 725, 778, 482, 38, 3.66%, 0, 23, 11, 3.97
1606663982, 90, 734, 779, 482, 39, 3.66%, 0, 23, 11, 3.31
1606664019, 90, 734, 780, 483, 39, 3.66%, 0, 23, 11, 3.10
1606664113, 90, 734, 781, 484, 39, 3.66%, 0, 23, 11, 3.57
1606664195, 90, 734, 782, 485, 39, 3.66%, 0, 23, 11, 4.35
1606664227, 90, 735, 782, 484, 41, 3.66%, 0, 23, 11, 5.12
1606664275, 90, 735, 783, 485, 41, 3.66%, 0, 23, 11, 4.09
1606664485, 90, 735, 784, 486, 41, 3.66%, 0, 23, 11, 3.78
1606664622, 90, 737, 784, 485, 40, 3.66%, 0, 23, 11, 3.62
1606664648, 90, 737, 785, 486, 40, 3.66%, 0, 23, 11, 4.09
1606664787, 90, 737, 786, 487, 40, 3.66%, 0, 23, 11, 7.22
1606664850, 90, 737, 787, 488, 40, 3.67%, 0, 23, 11, 5.90
1606664855, 90, 739, 787, 487, 40, 3.67%, 0, 23, 11, 6.39
1606664985, 90, 739, 788, 488, 40, 3.67%, 0, 23, 11, 4.32
1606665046, 90, 741, 788, 487, 39, 3.67%, 0, 23, 11, 5.40
1606665223, 90, 743, 788, 486, 38, 3.67%, 0, 23, 11, 6.77
1606665340, 90, 744, 788, 485, 37, 3.67%, 0, 23, 11, 8.48
1606665346, 90, 744, 789, 486, 37, 3.67%, 0, 23, 11, 6.38
1606665351, 90, 744, 790, 487, 37, 3.67%, 0, 23, 11, 5.09
1606665517, 91, 740, 790, 486, 1, 3.67%, 0, 23, 11, 6.50
1606665589, 91, 750, 790, 485, 0, 3.67%, 0, 23, 11, 7.96
1606665600, 91, 750, 791, 486, 0, 3.67%, 0, 23, 11, 6.20
1606665616, 91, 750, 792, 487, 0, 3.67%, 0, 23, 11, 5.42
1606665709, 91, 750, 793, 488, 0, 3.67%, 0, 23, 11, 5.25
1606665761, 91, 753, 794, 488, 37, 3.67%, 0, 23, 11, 4.49
1606665767, 91, 753, 795, 489, 37, 3.67%, 0, 23, 11, 5.16
1606665772, 91, 753, 796, 490, 37, 3.67%, 0, 23, 11, 4.21
1606665777, 91, 753, 797, 491, 37, 3.67%, 0, 23, 11, 3.65
1606665782, 91, 753, 798, 492, 37, 3.67%, 0, 23, 11, 4.44
1606665793, 91, 753, 799, 493, 37, 3.67%, 0, 23, 11, 4.89
1606665803, 91, 753, 800, 494, 37, 3.67%, 0, 23, 11, 3.19
1606665813, 91, 753, 802, 496, 37, 3.67%, 0, 23, 11, 3.92
1606665818, 91, 753, 803, 497, 37, 3.67%, 0, 23, 11, 3.36
1606665845, 91, 753, 805, 499, 37, 3.67%, 0, 23, 11, 3.54
1606665850, 91, 753, 806, 500, 37, 3.67%, 0, 23, 11, 3.33
1606665861, 91, 753, 807, 501, 37, 3.67%, 0, 23, 11, 3.55
1606665882, 91, 753, 808, 502, 37, 3.67%, 0, 23, 11, 4.88
1606665897, 91, 753, 809, 503, 37, 3.67%, 0, 23, 11, 4.70
1606665908, 91, 753, 810, 504, 37, 3.67%, 0, 23, 11, 2.98
1606665918, 91, 753, 811, 505, 37, 3.67%, 0, 23, 11, 4.42
1606665985, 91, 753, 812, 506, 37, 3.67%, 0, 23, 11, 6.81
1606666001, 91, 762, 812, 505, 0, 3.67%, 0, 23, 11, 6.33
1606666104, 92, 754, 812, 504, 0, 3.67%, 0, 23, 11, 6.37
1606666115, 92, 754, 813, 505, 0, 3.67%, 0, 23, 11, 3.90
1606666120, 92, 754, 814, 506, 0, 3.67%, 0, 23, 11, 3.78
1606666162, 92, 754, 815, 507, 0, 3.67%, 0, 23, 11, 4.38
1606666183, 92, 754, 816, 508, 0, 3.67%, 0, 23, 11, 3.70
1606666188, 92, 754, 817, 509, 0, 3.67%, 0, 23, 11, 2.95
1606666204, 92, 754, 818, 510, 0, 3.67%, 0, 23, 11, 4.44
1606666224, 92, 754, 819, 511, 0, 3.67%, 0, 23, 11, 3.61
1606666235, 92, 754, 820, 512, 0, 3.67%, 0, 23, 11, 3.55
1606666312, 92, 757, 820, 511, 42, 3.67%, 0, 23, 11, 6.44
1606666317, 92, 757, 821, 512, 42, 3.68%, 0, 23, 11, 6.13
1606666328, 92, 757, 822, 513, 42, 3.69%, 0, 23, 11, 5.00
1606666369, 92, 757, 823, 514, 42, 3.70%, 0, 23, 11, 5.45
1606666483, 92, 757, 824, 515, 42, 3.70%, 0, 23, 11, 6.11
1606666540, 93, 17, 824, 514, 0, 3.70%, 0, 23, 11, 7.48
1606666560, 93, 43, 824, 514, 0, 3.70%, 0, 23, 11, 7.78
1606666587, 93, 43, 825, 515, 0, 3.70%, 0, 23, 11, 6.88
1606666602, 93, 759, 825, 515, 42, 3.70%, 0, 23, 11, 5.96
1606666731, 93, 762, 825, 514, 42, 3.70%, 0, 23, 11, 5.55
1606666850, 94, 186, 825, 514, 42, 3.70%, 0, 23, 11, 6.21
1606666885, 94, 457, 825, 514, 42, 3.70%, 0, 23, 11, 8.42
1606666952, 94, 763, 825, 514, 42, 3.70%, 0, 23, 11, 6.88
1606667066, 94, 767, 826, 514, 41, 3.70%, 0, 23, 11, 5.34
1606667082, 94, 767, 827, 515, 41, 3.70%, 0, 23, 11, 5.56
1606667113, 94, 767, 829, 517, 41, 3.70%, 0, 23, 11, 4.93
1606667170, 94, 767, 830, 518, 41, 3.70%, 0, 23, 11, 5.51
1606667269, 94, 769, 830, 517, 41, 3.70%, 0, 23, 11, 6.77
1606667300, 94, 769, 831, 518, 41, 3.70%, 0, 23, 11, 7.08
1606667341, 94, 769, 832, 519, 41, 3.70%, 0, 23, 11, 6.66
1606667454, 95, 553, 832, 518, 1, 3.70%, 0, 23, 11, 7.39
1606667500, 95, 610, 832, 518, 1, 3.70%, 0, 23, 11, 8.03
1606667505, 95, 610, 833, 519, 1, 3.70%, 0, 23, 11, 6.92
1606667608, 95, 771, 833, 519, 39, 3.70%, 0, 23, 11, 7.01
1606667680, 95, 771, 834, 520, 39, 3.70%, 0, 23, 11, 6.24
1606667727, 95, 771, 835, 521, 39, 3.70%, 0, 23, 11, 6.80
1606667742, 95, 777, 835, 520, 38, 3.70%, 0, 23, 11, 6.07
1606667848, 95, 779, 835, 519, 37, 3.70%, 0, 23, 11, 4.90
1606667859, 95, 779, 836, 520, 37, 3.70%, 0, 23, 11, 4.32
1606667869, 95, 779, 837, 521, 37, 3.70%, 0, 23, 11, 3.93
1606667905, 95, 779, 838, 522, 37, 3.70%, 0, 23, 11, 3.72
1606667911, 95, 779, 838, 522, 37, 3.70%, 0, 24, 11, 3.15
1606667947, 95, 779, 839, 523, 37, 3.70%, 0, 24, 11, 3.86
1606667963, 95, 779, 840, 524, 37, 3.70%, 0, 24, 11, 3.35
1606668005, 95, 779, 841, 525, 37, 3.70%, 0, 24, 11, 3.34
1606668177, 95, 779, 841, 524, 35, 3.70%, 0, 24, 11, 4.79
1606668182, 95, 779, 842, 525, 35, 3.70%, 0, 24, 11, 4.14
1606668198, 95, 779, 843, 526, 35, 3.70%, 0, 24, 11, 4.60
1606668349, 95, 779, 844, 527, 35, 3.70%, 0, 24, 11, 4.41
1606668506, 95, 781, 844, 527, 36, 3.70%, 0, 24, 11, 4.44
1606668645, 96, 644, 844, 526, 36, 3.70%, 0, 24, 11, 6.38
1606668686, 96, 783, 844, 526, 36, 3.70%, 0, 24, 11, 5.80
1606668797, 96, 783, 844, 526, 36, 3.70%, 0, 25, 11, 4.05
1606668845, 96, 783, 845, 527, 36, 3.70%, 0, 25, 11, 3.42
1606668871, 97, 649, 845, 526, 2, 3.70%, 0, 25, 11, 7.17
1606668912, 97, 784, 845, 526, 2, 3.70%, 0, 25, 11, 7.87
1606668963, 97, 785, 845, 526, 2, 3.70%, 0, 25, 11, 6.62
1606669092, 97, 785, 845, 525, 1, 3.70%, 0, 25, 11, 7.38
1606669222, 97, 787, 846, 526, 1, 3.70%, 0, 25, 11, 5.70
1606669328, 98, 659, 846, 526, 1, 3.70%, 0, 25, 11, 6.49
1606669374, 98, 745, 846, 526, 1, 3.70%, 0, 25, 11, 8.46
1606669446, 98, 787, 846, 525, 0, 3.70%, 0, 25, 11, 7.32
1606669587, 98, 787, 847, 526, 0, 3.70%, 0, 25, 11, 4.16
1606669597, 98, 789, 847, 526, 34, 3.70%, 0, 25, 11, 4.29
1606669608, 98, 789, 848, 527, 34, 3.70%, 0, 25, 11, 4.82
1606669762, 98, 789, 848, 526, 34, 3.70%, 0, 25, 11, 6.20
1606669871, 98, 789, 849, 527, 34, 3.70%, 0, 25, 11, 4.53
1606669896, 98, 792, 849, 527, 34, 3.70%, 0, 25, 11, 6.11
1606669928, 98, 792, 850, 528, 34, 3.70%, 0, 25, 11, 4.29
1606669949, 98, 792, 851, 529, 34, 3.70%, 0, 25, 11, 4.32
1606670073, 98, 792, 852, 530, 34, 3.70%, 0, 25, 11, 4.78
1606670130, 98, 793, 853, 530, 34, 3.70%, 0, 25, 11, 4.74
1606670136, 98, 793, 854, 531, 34, 3.70%, 0, 25, 11, 3.64
1606670141, 98, 793, 855, 532, 34, 3.70%, 0, 25, 11, 3.39
1606670146, 98, 793, 856, 533, 34, 3.70%, 0, 25, 11, 3.31
1606670151, 98, 793, 857, 534, 34, 3.70%, 0, 25, 11, 3.36
1606670157, 98, 793, 858, 535, 34, 3.70%, 0, 25, 11, 4.28
1606670168, 98, 793, 859, 536, 34, 3.70%, 0, 25, 11, 3.56
1606670173, 98, 793, 860, 537, 34, 3.70%, 0, 25, 11, 3.85
1606670178, 98, 793, 861, 538, 34, 3.70%, 0, 25, 11, 3.68
1606670189, 98, 793, 862, 539, 34, 3.70%, 0, 25, 11, 4.40
1606670194, 98, 793, 864, 541, 34, 3.70%, 0, 25, 11, 3.89
1606670199, 98, 793, 865, 542, 34, 3.70%, 0, 25, 11, 3.28
1606670209, 98, 793, 866, 543, 34, 3.70%, 0, 25, 11, 4.38
1606670225, 98, 793, 867, 544, 34, 3.70%, 0, 25, 11, 3.36
1606670240, 98, 793, 868, 545, 34, 3.70%, 0, 25, 11, 3.79
1606670251, 98, 793, 869, 546, 34, 3.70%, 0, 25, 11, 3.43
1606670261, 98, 793, 870, 547, 34, 3.70%, 0, 25, 11, 3.68
1606670287, 98, 793, 871, 548, 34, 3.70%, 0, 25, 11, 4.32
1606670302, 98, 793, 872, 549, 34, 3.70%, 0, 25, 11, 4.25
1606670386, 99, 777, 872, 548, 2, 3.70%, 0, 25, 11, 6.92
1606670459, 99, 783, 872, 548, 2, 3.70%, 0, 25, 11, 6.59
1606670516, 99, 795, 872, 548, 2, 3.70%, 0, 25, 11, 7.27
1606670526, 99, 795, 873, 549, 2, 3.70%, 0, 25, 11, 4.99
1606670552, 99, 795, 874, 550, 2, 3.70%, 0, 25, 11, 4.13
1606670563, 99, 795, 875, 551, 2, 3.70%, 0, 25, 11, 4.83
1606670635, 99, 795, 876, 552, 2, 3.70%, 0, 25, 11, 4.08
1606670645, 99, 795, 877, 553, 2, 3.70%, 0, 25, 11, 4.63
1606670650, 99, 795, 878, 554, 2, 3.70%, 0, 25, 11, 3.59
1606670733, 99, 808, 878, 553, 39, 3.70%, 0, 25, 11, 6.55
1606670748, 99, 808, 879, 554, 39, 3.70%, 0, 25, 11, 4.34
1606670779, 99, 808, 880, 555, 39, 3.70%, 0, 25, 11, 4.35
1606670800, 99, 808, 881, 556, 39, 3.70%, 0, 25, 11, 4.77
1606670810, 99, 808, 882, 557, 39, 3.70%, 0, 25, 11, 4.05
1606670815, 99, 808, 883, 558, 39, 3.70%, 0, 25, 11, 3.33
1606670846, 99, 808, 884, 559, 39, 3.70%, 0, 25, 11, 4.83
1606670914, 99, 808, 885, 560, 39, 3.70%, 0, 25, 11, 3.87
1606670951, 99, 809, 885, 559, 39, 3.70%, 0, 25, 11, 4.71
1606671065, 99, 810, 885, 558, 39, 3.70%, 0, 25, 11, 6.06
1606671116, 99, 810, 886, 559, 39, 3.70%, 0, 25, 11, 4.31
1606671168, 99, 810, 887, 560, 39, 3.71%, 0, 25, 11, 7.17
1606671195, 99, 810, 888, 561, 39, 3.71%, 0, 25, 11, 5.35
1606671221, 99, 824, 888, 560, 2, 3.71%, 0, 25, 11, 6.34
1606671267, 100, 811, 888, 559, 1, 3.71%, 0, 25, 11, 7.16
1606671375, 100, 811, 889, 560, 1, 3.71%, 0, 25, 11, 5.46
1606671437, 100, 815, 889, 559, 37, 3.71%, 0, 25, 11, 7.55
1606671567, 100, 820, 889, 558, 37, 3.71%, 0, 25, 11, 6.32
1606671619, 100, 820, 890, 559, 37, 3.71%, 0, 25, 11, 4.80
1606671629, 100, 820, 891, 560, 37, 3.71%, 0, 25, 11, 3.75
1606671768, 100, 821, 891, 559, 37, 3.71%, 0, 25, 11, 6.59
1606671903, 100, 822, 891, 558, 36, 3.71%, 0, 25, 11, 6.26
1606671928, 100, 822, 891, 558, 36, 3.71%, 0, 26, 11, 5.29
1606671944, 100, 822, 892, 559, 36, 3.71%, 0, 26, 11, 4.82
1606671960, 100, 822, 893, 560, 36, 3.72%, 0, 26, 11, 4.21
1606671976, 100, 822, 894, 561, 36, 3.73%, 0, 26, 11, 4.30
1606672017, 100, 822, 895, 562, 36, 3.73%, 0, 26, 11, 4.80
1606672130, 100, 832, 895, 561, 1, 3.73%, 0, 26, 11, 6.75
1606672206, 101, 825, 895, 560, 0, 3.73%, 0, 26, 11, 6.90
1606672340, 101, 883, 895, 559, 0, 3.73%, 0, 26, 11, 7.10
1606672401, 102, 825, 895, 558, 0, 3.73%, 0, 26, 11, 7.33
1606672541, 102, 826, 895, 558, 0, 3.73%, 0, 26, 11, 6.63
1606672654, 102, 827, 895, 557, 0, 3.73%, 0, 26, 11, 5.99
1606672690, 102, 827, 896, 558, 0, 3.73%, 0, 26, 11, 1.31
1606672721, 103, 46, 896, 558, 0, 3.73%, 0, 26, 11, 5.69
1606672757, 103, 827, 896, 558, 0, 3.73%, 0, 26, 11, 6.79
1606672892, 103, 827, 897, 559, 0, 3.73%, 0, 26, 11, 4.83
1606672975, 103, 827, 898, 560, 0, 3.73%, 0, 26, 11, 4.88
1606672991, 103, 827, 898, 560, 36, 3.73%, 0, 26, 11, 4.94
1606673022, 103, 827, 899, 561, 36, 3.73%, 0, 26, 11, 5.37
1606673053, 103, 829, 899, 561, 36, 3.73%, 0, 26, 11, 5.98
1606673074, 103, 829, 900, 562, 36, 3.74%, 0, 26, 11, 4.95
1606673110, 103, 829, 901, 563, 36, 3.74%, 0, 26, 11, 5.41
1606673250, 103, 831, 902, 563, 37, 3.74%, 0, 26, 11, 6.09
1606673265, 103, 831, 903, 564, 37, 3.74%, 0, 26, 11, 4.69
1606673317, 103, 831, 904, 565, 37, 3.74%, 0, 26, 11, 6.41
1606673338, 103, 831, 905, 566, 37, 3.74%, 0, 26, 11, 5.14
1606673415, 103, 831, 906, 567, 37, 3.74%, 0, 26, 11, 5.33
1606673456, 103, 832, 906, 566, 38, 3.74%, 0, 26, 11, 8.64
1606673487, 103, 832, 907, 567, 38, 3.74%, 0, 26, 11, 5.42
1606673508, 103, 832, 908, 568, 38, 3.74%, 0, 26, 11, 7.15
1606673626, 103, 832, 908, 568, 38, 3.74%, 0, 27, 11, 5.49
1606673647, 103, 834, 908, 568, 38, 3.74%, 0, 27, 11, 6.94
1606673657, 103, 834, 910, 570, 38, 3.74%, 0, 27, 11, 6.59
1606673673, 103, 834, 911, 571, 38, 3.74%, 0, 27, 11, 7.17
1606673827, 103, 839, 911, 570, 37, 3.74%, 0, 27, 11, 6.22
1606673842, 103, 839, 912, 571, 37, 3.74%, 0, 27, 11, 5.05
1606674034, 103, 844, 912, 570, 36, 3.74%, 0, 27, 11, 5.49
1606674044, 103, 844, 913, 571, 36, 3.74%, 0, 27, 11, 4.25
1606674238, 103, 846, 913, 570, 36, 3.74%, 0, 27, 11, 5.78
1606674243, 103, 846, 914, 571, 36, 3.74%, 0, 27, 11, 4.75
1606674362, 103, 850, 915, 571, 36, 3.74%, 0, 27, 12, 5.07
1606674414, 103, 850, 916, 572, 36, 3.74%, 0, 27, 12, 4.42
1606674445, 103, 850, 917, 573, 36, 3.74%, 0, 27, 12, 3.89
1606674539, 103, 850, 917, 572, 36, 3.74%, 0, 27, 12, 5.86
1606674647, 104, 162, 917, 572, 36, 3.74%, 0, 27, 12, 5.69
1606674683, 104, 851, 917, 572, 36, 3.74%, 0, 27, 12, 8.21
1606674750, 104, 851, 917, 572, 36, 3.74%, 0, 28, 12, 4.49
1606674834, 104, 851, 918, 573, 36, 3.74%, 0, 28, 12, 4.36
1606674865, 104, 852, 918, 572, 37, 3.74%, 0, 28, 12, 5.31
1606674880, 104, 852, 919, 573, 37, 3.74%, 0, 28, 12, 4.41
1606674907, 104, 852, 920, 574, 37, 3.74%, 0, 28, 12, 2.97
1606674912, 104, 852, 921, 575, 37, 3.74%, 0, 28, 12, 3.90
1606674943, 104, 852, 922, 576, 37, 3.74%, 0, 28, 12, 4.03
1606674969, 104, 852, 923, 577, 37, 3.74%, 0, 28, 12, 3.77
1606675021, 104, 852, 924, 578, 37, 3.74%, 0, 28, 12, 4.33
1606675063, 104, 852, 925, 579, 37, 3.74%, 0, 28, 12, 4.16
1606675099, 104, 854, 925, 578, 38, 3.74%, 0, 28, 12, 6.64
1606675104, 104, 854, 926, 579, 38, 3.74%, 0, 28, 12, 4.78
1606675124, 104, 854, 927, 580, 38, 3.74%, 0, 28, 12, 3.90
1606675161, 104, 854, 928, 581, 38, 3.74%, 0, 28, 12, 4.37
1606675239, 104, 854, 929, 582, 38, 3.74%, 0, 28, 12, 5.08
1606675244, 104, 854, 930, 583, 38, 3.74%, 0, 28, 12, 4.13
1606675301, 104, 854, 931, 584, 38, 3.74%, 0, 28, 12, 4.60
1606675322, 105, 292, 931, 583, 0, 3.74%, 0, 28, 12, 7.52
1606675352, 105, 854, 931, 583, 0, 3.74%, 0, 28, 12, 6.30
1606675519, 105, 854, 932, 584, 0, 3.74%, 0, 28, 12, 3.83
1606675592, 105, 854, 933, 585, 0, 3.74%, 0, 28, 12, 4.86
1606675602, 105, 854, 934, 586, 0, 3.74%, 0, 28, 12, 3.63
1606675649, 105, 854, 935, 587, 0, 3.74%, 0, 28, 12, 4.75
1606675690, 106, 300, 935, 587, 0, 3.74%, 0, 28, 12, 7.64
1606675721, 106, 854, 935, 587, 0, 3.74%, 0, 28, 12, 7.60
1606675861, 106, 855, 935, 587, 0, 3.74%, 0, 28, 12, 6.12
1606675990, 106, 856, 935, 586, 0, 3.74%, 0, 28, 12, 5.43
1606675995, 106, 856, 936, 587, 0, 3.74%, 0, 28, 12, 4.41
1606676099, 106, 856, 937, 588, 0, 3.75%, 0, 28, 12, 3.65
1606676192, 106, 857, 937, 587, 37, 3.75%, 0, 28, 12, 4.94
1606676249, 106, 857, 938, 588, 37, 3.75%, 0, 28, 12, 3.69
1606676395, 107, 315, 938, 587, 0, 3.75%, 0, 28, 12, 7.31
1606676478, 107, 340, 938, 586, 0, 3.75%, 0, 28, 12, 6.10
1606676555, 107, 346, 938, 585, 0, 3.75%, 0, 28, 12, 8.15
1606676633, 107, 857, 938, 584, 0, 3.75%, 0, 28, 12, 6.63
1606676771, 107, 858, 938, 584, 0, 3.75%, 0, 28, 12, 4.71
1606676814, 107, 858, 939, 585, 0, 3.75%, 0, 28, 12, 3.34
1606676845, 107, 858, 940, 586, 0, 3.75%, 0, 28, 12, 4.29
1606676954, 107, 858, 941, 587, 0, 3.75%, 0, 28, 12, 4.02
1606676979, 107, 858, 941, 586, 39, 3.75%, 0, 28, 12, 5.05
1606677120, 107, 859, 942, 587, 39, 3.75%, 0, 28, 12, 4.16
1606677208, 107, 859, 943, 588, 39, 3.75%, 0, 28, 12, 4.70
1606677333, 107, 861, 943, 587, 40, 3.75%, 0, 28, 12, 4.48
1606677473, 107, 866, 943, 586, 40, 3.75%, 0, 28, 12, 4.10
1606677536, 107, 870, 943, 586, 40, 3.75%, 0, 28, 12, 4.93
1606677671, 107, 873, 943, 585, 39, 3.75%, 0, 28, 12, 6.42
1606677795, 107, 873, 943, 584, 39, 3.75%, 0, 28, 12, 5.99
1606677931, 107, 877, 943, 584, 39, 3.75%, 0, 28, 12, 4.97
1606678081, 107, 881, 943, 583, 39, 3.75%, 0, 28, 12, 5.01
1606678222, 108, 789, 943, 582, 38, 3.75%, 0, 28, 12, 7.25
1606678300, 108, 885, 943, 582, 38, 3.75%, 0, 28, 12, 6.99
1606678362, 108, 885, 944, 583, 38, 3.75%, 0, 28, 12, 5.52
1606678446, 108, 885, 944, 582, 36, 3.75%, 0, 28, 12, 5.57
1606678518, 108, 885, 945, 583, 36, 3.75%, 0, 28, 12, 6.13
1606678575, 108, 886, 945, 583, 37, 3.75%, 0, 28, 12, 7.39
1606678739, 108, 888, 945, 582, 36, 3.75%, 0, 28, 12, 6.07
1606678879, 108, 889, 945, 581, 35, 3.75%, 0, 28, 12, 5.90
1606678885, 108, 889, 946, 582, 35, 3.75%, 0, 28, 12, 5.47
1606678910, 108, 889, 947, 583, 35, 3.75%, 0, 28, 12, 5.87
1606678956, 108, 889, 948, 584, 35, 3.75%, 0, 28, 12, 5.05
1606679091, 108, 890, 948, 583, 34, 3.75%, 0, 28, 12, 5.61
1606679158, 108, 894, 948, 583, 34, 3.75%, 0, 28, 12, 4.57
1606679174, 108, 894, 949, 584, 34, 3.75%, 0, 28, 12, 4.25
1606679184, 108, 894, 950, 585, 34, 3.75%, 0, 28, 12, 3.57
1606679446, 108, 895, 950, 584, 34, 3.75%, 0, 28, 12, 4.65
1606679580, 108, 895, 950, 583, 33, 3.75%, 0, 28, 12, 6.71
1606679726, 108, 899, 950, 583, 33, 3.75%, 0, 28, 12, 4.91
1606679871, 109, 821, 950, 582, 32, 3.75%, 0, 28, 12, 7.51
1606679938, 109, 895, 950, 582, 32, 3.75%, 0, 28, 12, 6.88
1606680052, 109, 931, 950, 582, 32, 3.75%, 0, 28, 12, 5.79
1606680171, 109, 937, 950, 581, 31, 3.75%, 0, 28, 12, 6.87
1606680254, 110, 899, 950, 580, 30, 3.75%, 0, 28, 12, 5.73
1606680393, 110, 900, 950, 580, 30, 3.75%, 0, 28, 12, 6.21
1606680404, 110, 900, 951, 581, 30, 3.75%, 0, 28, 12, 4.12
1606680440, 110, 900, 952, 582, 30, 3.75%, 0, 28, 12, 5.76
1606680461, 110, 900, 953, 583, 30, 3.75%, 0, 28, 12, 4.10
1606680570, 110, 903, 953, 582, 31, 3.75%, 0, 28, 12, 5.29
1606680601, 110, 903, 954, 583, 31, 3.75%, 0, 28, 12, 7.16
1606680750, 110, 942, 954, 582, 0, 3.75%, 0, 28, 12, 6.63
1606680854, 110, 948, 954, 581, 0, 3.75%, 0, 28, 12, 7.52
1606680957, 111, 17, 954, 580, 0, 3.75%, 0, 28, 12, 7.94
1606680967, 111, 905, 954, 580, 0, 3.75%, 0, 28, 12, 6.98
1606681185, 111, 906, 954, 579, 0, 3.75%, 0, 28, 12, 6.96
1606681190, 111, 906, 955, 580, 0, 3.75%, 0, 28, 12, 6.27
1606681195, 111, 906, 956, 581, 0, 3.75%, 0, 28, 12, 5.66
1606681201, 111, 906, 957, 582, 0, 3.75%, 0, 28, 12, 5.68
1606681222, 111, 906, 958, 583, 0, 3.75%, 0, 28, 12, 6.07
1606681382, 112, 43, 958, 582, 0, 3.75%, 0, 28, 12, 6.68
1606681418, 112, 909, 958, 582, 0, 3.75%, 0, 28, 12, 7.50
1606681485, 112, 909, 959, 583, 0, 3.75%, 0, 28, 12, 6.94
1606681551, 113, 46, 959, 582, 0, 3.75%, 0, 28, 12, 7.72
1606681587, 113, 911, 959, 582, 0, 3.75%, 0, 28, 12, 6.63
1606681639, 113, 914, 959, 582, 0, 3.75%, 0, 28, 12, 6.34
1606681773, 113, 916, 959, 581, 0, 3.75%, 0, 28, 12, 6.51
1606681861, 113, 916, 960, 582, 0, 3.75%, 0, 28, 13, 5.79
1606681908, 113, 920, 960, 581, 33, 3.75%, 0, 28, 13, 5.90
1606682037, 113, 922, 960, 580, 33, 3.75%, 0, 28, 13, 5.30
1606682167, 113, 922, 960, 579, 32, 3.75%, 0, 28, 13, 6.92
1606682307, 114, 56, 960, 579, 32, 3.75%, 0, 28, 13, 7.43
1606682344, 114, 925, 960, 579, 32, 3.75%, 0, 28, 13, 6.58
1606682479, 115, 184, 960, 578, 31, 3.75%, 0, 28, 13, 6.06
1606682526, 115, 184, 961, 579, 31, 3.75%, 0, 28, 13, 5.89
1606682531, 115, 396, 961, 578, 1, 3.75%, 0, 28, 13, 7.15
1606682598, 115, 926, 961, 578, 1, 3.75%, 0, 28, 13, 7.44
1606682744, 115, 926, 961, 577, 1, 3.75%, 0, 28, 13, 6.26
1606682869, 115, 930, 961, 577, 1, 3.75%, 0, 28, 13, 5.36
1606683009, 116, 614, 961, 576, 1, 3.75%, 0, 28, 13, 7.85
1606683045, 116, 930, 961, 575, 1, 3.75%, 0, 28, 13, 7.96
1606683190, 116, 931, 961, 575, 1, 3.75%, 0, 28, 13, 5.32
1606683319, 117, 746, 961, 575, 1, 3.75%, 0, 28, 13, 7.64
1606683386, 117, 746, 961, 575, 1, 3.75%, 0, 29, 13, 9.37
1606683427, 117, 932, 962, 575, 0, 3.75%, 0, 29, 13, 7.75
1606683437, 117, 932, 963, 576, 0, 3.75%, 0, 29, 13, 4.87
1606683654, 117, 937, 963, 575, 32, 3.75%, 0, 29, 13, 5.37
1606683659, 117, 937, 964, 576, 32, 3.75%, 0, 29, 13, 5.08
1606683674, 117, 937, 965, 577, 32, 3.75%, 0, 29, 13, 4.94
1606683679, 117, 937, 966, 578, 32, 3.75%, 0, 29, 13, 4.75
1606683794, 117, 937, 967, 579, 32, 3.75%, 0, 29, 13, 5.20
1606683871, 117, 937, 968, 580, 32, 3.75%, 0, 29, 13, 5.42
1606683902, 118, 842, 968, 580, 0, 3.75%, 0, 29, 13, 6.69
1606683973, 118, 939, 968, 579, 0, 3.75%, 0, 29, 13, 7.32
1606684005, 118, 939, 969, 580, 0, 3.75%, 0, 29, 13, 3.78
1606684170, 118, 943, 969, 579, 34, 3.75%, 0, 29, 13, 5.22
1606684175, 118, 943, 970, 580, 34, 3.75%, 0, 29, 13, 3.94
1606684423, 118, 959, 970, 579, 0, 3.75%, 0, 29, 13, 6.05
1606684546, 119, 943, 970, 578, 0, 3.75%, 0, 29, 13, 5.94
1606684556, 119, 943, 971, 579, 0, 3.75%, 0, 29, 13, 4.09
1606684737, 119, 943, 972, 580, 0, 3.75%, 0, 29, 13, 4.28
1606684815, 119, 944, 972, 580, 34, 3.75%, 0, 29, 13, 6.37
1606684861, 119, 944, 973, 581, 34, 3.75%, 0, 29, 13, 6.19
1606684995, 119, 947, 974, 581, 33, 3.75%, 0, 29, 13, 5.07
